47 49 5
32 46 3
7 26 4
23 42 11
2 15 4
32 43 16
46 48 9
24 49 9
5 26 3
10 12 14
44 46 15
43 48 6
11 31 4
35 37 10
7 10 9
12 32 9
39 44 12
2 7 18
22 45 8
11 39 20
0 27 17
46 47 15
17 43 16
41 48 4
4 49 4
18 25 15
2 12 10
2 43 13
25 38 11
9 15 3
34 45 6
39 40 12
0 1 1
7 14 19
0 13 3
15 44 5
19 44 15
47 49 16
1 20 1
45 48 10
21 36 15
41 43 18
10 24 4
5 23 17
38 49 18
35 39 17
8 33 14
37 43 1
30 31 7
26 34 5
40 49 20
27 45 14
44 45 18
16 22 12
3 6 18
22 28 17
19 28 11
28 47 17
28 49 4
0 23 1
35 48 7
16 39 10
38 48 1
21 25 9
10 26 12
0 33 3
39 42 6
11 33 11
27 43 9
38 41 5
15 17 9
12 38 14
12 20 18
1 19 10
13 14 9
36 39 18
8 33 11
22 49 3
9 17 12
9 27 15
40 45 7
43 45 5
31 35 9
0 22 2
22 45 20
30 32 4
37 38 20
38 47 6
38 39 19
48 49 15
19 43 13
8 44 5
41 48 1
8 26 17
0 2 12
2 3 2
3 4 10
4 5 6
5 8 12
8 9 18
9 11 3
11 16 8
16 18 18
18 21 20
21 30 17
