-1 +114 -113 -74 +91 +10 +112 +103 -78 +125 -98 +57 +4 +67 -42 +109 +82 -59 -11 +72 -22 -102 -34 -50 +55 -118 +108 -75 -41 +90 +37 +69 -88 -93 +81 +47 +32 -126 +77 +119 -99 -89 +120 +86 +18 +106 -84 -27 -85 +12 -20 -35 -73 +61 -76 -97 +117 -39 +101 -54 -7 +96 -33 +51 -52 +83 +123 +44 -56 +121 -5 +71 +26 -13 -105 +124 -36 -31 -60 -6 -43 +15 +122 +16 -87 +110 -116 +65 +25 +63 +49 -104 -19 +45 +40 -46 +9 -24 -21 +95 -28 -29 +94 -62 -17 +100 -111 +2 +70 +3 -107 -115 +68 -79 +64 +8 -53 -80 -30 +66 +23 +38 +48 +14 -58 +92
+1 +114 -113 -74 +91 +10 +112 +103 -78 +125 -98 +57 +4 +67 -42 +109 +82 -59 -11 +72 -22 -102 -34 -50 +55 -118 +108 -75 -41 +90 +37 +69 -88 -93 +81 +47 +32 -126 +77 +119 -99 -89 +120 +86 +18 +106 -84 -27 -85 +12 -20 -35 -73 +61 -76 -97 +117 -39 +101 -54 -7 +96 -33 +51 -52 +83 +123 +44 -56 +121 -5 +71 +26 -13 -105 +124 -36 -31 -60 -6 -43 +15 +122 +16 -87 +110 -116 +65 +25 +63 +49 -104 -19 +45 +40 -46 +9 -24 -21 +95 -28 -29 +94 -62 -17 +100 -111 +2 +70 +3 -107 -115 +68 -79 +64 +8 -53 -80 -30 +66 +23 +38 +48 +14 -58 +92
+1 -2 +111 -100 +17 +62 -94 +29 +28 -95 +21 +24 -9 +46 -40 -45 +19 +104 -49 -63 -25 -65 +116 -110 +87 -16 -122 -15 +43 +6 +60 +31 +36 -124 +105 +13 -26 -71 +5 -121 +56 -44 -123 -83 +52 -51 +33 -96 +7 +54 -101 +39 -117 +97 +76 -61 +73 +35 +20 -12 +85 +27 +84 -106 -18 -86 -120 +89 +99 -119 -77 +126 -32 -47 -81 +93 +88 -69 -37 -90 +41 +75 -108 +118 -55 +50 +34 +102 +22 -72 +11 +59 -82 -109 +42 -67 -4 -57 +98 -125 +78 -103 -112 -10 -91 +74 +113 -114 +70 +3 -107 -115 +68 -79 +64 +8 -53 -80 -30 +66 +23 +38 +48 +14 -58 +92
+1 +2 +111 -100 +17 +62 -94 +29 +28 -95 +21 +24 -9 +46 -40 -45 +19 +104 -49 -63 -25 -65 +116 -110 +87 -16 -122 -15 +43 +6 +60 +31 +36 -124 +105 +13 -26 -71 +5 -121 +56 -44 -123 -83 +52 -51 +33 -96 +7 +54 -101 +39 -117 +97 +76 -61 +73 +35 +20 -12 +85 +27 +84 -106 -18 -86 -120 +89 +99 -119 -77 +126 -32 -47 -81 +93 +88 -69 -37 -90 +41 +75 -108 +118 -55 +50 +34 +102 +22 -72 +11 +59 -82 -109 +42 -67 -4 -57 +98 -125 +78 -103 -112 -10 -91 +74 +113 -114 +70 +3 -107 -115 +68 -79 +64 +8 -53 -80 -30 +66 +23 +38 +48 +14 -58 +92
+1 +2 -3 -70 +114 -113 -74 +91 +10 +112 +103 -78 +125 -98 +57 +4 +67 -42 +109 +82 -59 -11 +72 -22 -102 -34 -50 +55 -118 +108 -75 -41 +90 +37 +69 -88 -93 +81 +47 +32 -126 +77 +119 -99 -89 +120 +86 +18 +106 -84 -27 -85 +12 -20 -35 -73 +61 -76 -97 +117 -39 +101 -54 -7 +96 -33 +51 -52 +83 +123 +44 -56 +121 -5 +71 +26 -13 -105 +124 -36 -31 -60 -6 -43 +15 +122 +16 -87 +110 -116 +65 +25 +63 +49 -104 -19 +45 +40 -46 +9 -24 -21 +95 -28 -29 +94 -62 -17 +100 -111 -107 -115 +68 -79 +64 +8 -53 -80 -30 +66 +23 +38 +48 +14 -58 +92
+1 +2 +3 -70 +114 -113 -74 +91 +10 +112 +103 -78 +125 -98 +57 +4 +67 -42 +109 +82 -59 -11 +72 -22 -102 -34 -50 +55 -118 +108 -75 -41 +90 +37 +69 -88 -93 +81 +47 +32 -126 +77 +119 -99 -89 +120 +86 +18 +106 -84 -27 -85 +12 -20 -35 -73 +61 -76 -97 +117 -39 +101 -54 -7 +96 -33 +51 -52 +83 +123 +44 -56 +121 -5 +71 +26 -13 -105 +124 -36 -31 -60 -6 -43 +15 +122 +16 -87 +110 -116 +65 +25 +63 +49 -104 -19 +45 +40 -46 +9 -24 -21 +95 -28 -29 +94 -62 -17 +100 -111 -107 -115 +68 -79 +64 +8 -53 -80 -30 +66 +23 +38 +48 +14 -58 +92
+1 +2 +3 -4 -57 +98 -125 +78 -103 -112 -10 -91 +74 +113 -114 +70 +67 -42 +109 +82 -59 -11 +72 -22 -102 -34 -50 +55 -118 +108 -75 -41 +90 +37 +69 -88 -93 +81 +47 +32 -126 +77 +119 -99 -89 +120 +86 +18 +106 -84 -27 -85 +12 -20 -35 -73 +61 -76 -97 +117 -39 +101 -54 -7 +96 -33 +51 -52 +83 +123 +44 -56 +121 -5 +71 +26 -13 -105 +124 -36 -31 -60 -6 -43 +15 +122 +16 -87 +110 -116 +65 +25 +63 +49 -104 -19 +45 +40 -46 +9 -24 -21 +95 -28 -29 +94 -62 -17 +100 -111 -107 -115 +68 -79 +64 +8 -53 -80 -30 +66 +23 +38 +48 +14 -58 +92
+1 +2 +3 +4 -57 +98 -125 +78 -103 -112 -10 -91 +74 +113 -114 +70 +67 -42 +109 +82 -59 -11 +72 -22 -102 -34 -50 +55 -118 +108 -75 -41 +90 +37 +69 -88 -93 +81 +47 +32 -126 +77 +119 -99 -89 +120 +86 +18 +106 -84 -27 -85 +12 -20 -35 -73 +61 -76 -97 +117 -39 +101 -54 -7 +96 -33 +51 -52 +83 +123 +44 -56 +121 -5 +71 +26 -13 -105 +124 -36 -31 -60 -6 -43 +15 +122 +16 -87 +110 -116 +65 +25 +63 +49 -104 -19 +45 +40 -46 +9 -24 -21 +95 -28 -29 +94 -62 -17 +100 -111 -107 -115 +68 -79 +64 +8 -53 -80 -30 +66 +23 +38 +48 +14 -58 +92
+1 +2 +3 +4 +5 -121 +56 -44 -123 -83 +52 -51 +33 -96 +7 +54 -101 +39 -117 +97 +76 -61 +73 +35 +20 -12 +85 +27 +84 -106 -18 -86 -120 +89 +99 -119 -77 +126 -32 -47 -81 +93 +88 -69 -37 -90 +41 +75 -108 +118 -55 +50 +34 +102 +22 -72 +11 +59 -82 -109 +42 -67 -70 +114 -113 -74 +91 +10 +112 +103 -78 +125 -98 +57 +71 +26 -13 -105 +124 -36 -31 -60 -6 -43 +15 +122 +16 -87 +110 -116 +65 +25 +63 +49 -104 -19 +45 +40 -46 +9 -24 -21 +95 -28 -29 +94 -62 -17 +100 -111 -107 -115 +68 -79 +64 +8 -53 -80 -30 +66 +23 +38 +48 +14 -58 +92
+1 +2 +3 +4 +5 +6 +60 +31 +36 -124 +105 +13 -26 -71 -57 +98 -125 +78 -103 -112 -10 -91 +74 +113 -114 +70 +67 -42 +109 +82 -59 -11 +72 -22 -102 -34 -50 +55 -118 +108 -75 -41 +90 +37 +69 -88 -93 +81 +47 +32 -126 +77 +119 -99 -89 +120 +86 +18 +106 -84 -27 -85 +12 -20 -35 -73 +61 -76 -97 +117 -39 +101 -54 -7 +96 -33 +51 -52 +83 +123 +44 -56 +121 -43 +15 +122 +16 -87 +110 -116 +65 +25 +63 +49 -104 -19 +45 +40 -46 +9 -24 -21 +95 -28 -29 +94 -62 -17 +100 -111 -107 -115 +68 -79 +64 +8 -53 -80 -30 +66 +23 +38 +48 +14 -58 +92
+1 +2 +3 +4 +5 +6 +7 +54 -101 +39 -117 +97 +76 -61 +73 +35 +20 -12 +85 +27 +84 -106 -18 -86 -120 +89 +99 -119 -77 +126 -32 -47 -81 +93 +88 -69 -37 -90 +41 +75 -108 +118 -55 +50 +34 +102 +22 -72 +11 +59 -82 -109 +42 -67 -70 +114 -113 -74 +91 +10 +112 +103 -78 +125 -98 +57 +71 +26 -13 -105 +124 -36 -31 -60 +96 -33 +51 -52 +83 +123 +44 -56 +121 -43 +15 +122 +16 -87 +110 -116 +65 +25 +63 +49 -104 -19 +45 +40 -46 +9 -24 -21 +95 -28 -29 +94 -62 -17 +100 -111 -107 -115 +68 -79 +64 +8 -53 -80 -30 +66 +23 +38 +48 +14 -58 +92
+1 +2 +3 +4 +5 +6 +7 -8 -64 +79 -68 +115 +107 +111 -100 +17 +62 -94 +29 +28 -95 +21 +24 -9 +46 -40 -45 +19 +104 -49 -63 -25 -65 +116 -110 +87 -16 -122 -15 +43 -121 +56 -44 -123 -83 +52 -51 +33 -96 +60 +31 +36 -124 +105 +13 -26 -71 -57 +98 -125 +78 -103 -112 -10 -91 +74 +113 -114 +70 +67 -42 +109 +82 -59 -11 +72 -22 -102 -34 -50 +55 -118 +108 -75 -41 +90 +37 +69 -88 -93 +81 +47 +32 -126 +77 +119 -99 -89 +120 +86 +18 +106 -84 -27 -85 +12 -20 -35 -73 +61 -76 -97 +117 -39 +101 -54 -53 -80 -30 +66 +23 +38 +48 +14 -58 +92
+1 +2 +3 +4 +5 +6 +7 +8 -64 +79 -68 +115 +107 +111 -100 +17 +62 -94 +29 +28 -95 +21 +24 -9 +46 -40 -45 +19 +104 -49 -63 -25 -65 +116 -110 +87 -16 -122 -15 +43 -121 +56 -44 -123 -83 +52 -51 +33 -96 +60 +31 +36 -124 +105 +13 -26 -71 -57 +98 -125 +78 -103 -112 -10 -91 +74 +113 -114 +70 +67 -42 +109 +82 -59 -11 +72 -22 -102 -34 -50 +55 -118 +108 -75 -41 +90 +37 +69 -88 -93 +81 +47 +32 -126 +77 +119 -99 -89 +120 +86 +18 +106 -84 -27 -85 +12 -20 -35 -73 +61 -76 -97 +117 -39 +101 -54 -53 -80 -30 +66 +23 +38 +48 +14 -58 +92
+1 +2 +3 +4 +5 +6 +7 +8 +9 -24 -21 +95 -28 -29 +94 -62 -17 +100 -111 -107 -115 +68 -79 +64 +46 -40 -45 +19 +104 -49 -63 -25 -65 +116 -110 +87 -16 -122 -15 +43 -121 +56 -44 -123 -83 +52 -51 +33 -96 +60 +31 +36 -124 +105 +13 -26 -71 -57 +98 -125 +78 -103 -112 -10 -91 +74 +113 -114 +70 +67 -42 +109 +82 -59 -11 +72 -22 -102 -34 -50 +55 -118 +108 -75 -41 +90 +37 +69 -88 -93 +81 +47 +32 -126 +77 +119 -99 -89 +120 +86 +18 +106 -84 -27 -85 +12 -20 -35 -73 +61 -76 -97 +117 -39 +101 -54 -53 -80 -30 +66 +23 +38 +48 +14 -58 +92
+1 +2 +3 +4 +5 +6 +7 +8 +9 +10 +112 +103 -78 +125 -98 +57 +71 +26 -13 -105 +124 -36 -31 -60 +96 -33 +51 -52 +83 +123 +44 -56 +121 -43 +15 +122 +16 -87 +110 -116 +65 +25 +63 +49 -104 -19 +45 +40 -46 -64 +79 -68 +115 +107 +111 -100 +17 +62 -94 +29 +28 -95 +21 +24 -91 +74 +113 -114 +70 +67 -42 +109 +82 -59 -11 +72 -22 -102 -34 -50 +55 -118 +108 -75 -41 +90 +37 +69 -88 -93 +81 +47 +32 -126 +77 +119 -99 -89 +120 +86 +18 +106 -84 -27 -85 +12 -20 -35 -73 +61 -76 -97 +117 -39 +101 -54 -53 -80 -30 +66 +23 +38 +48 +14 -58 +92
+1 +2 +3 +4 +5 +6 +7 +8 +9 +10 +11 +59 -82 -109 +42 -67 -70 +114 -113 -74 +91 -24 -21 +95 -28 -29 +94 -62 -17 +100 -111 -107 -115 +68 -79 +64 +46 -40 -45 +19 +104 -49 -63 -25 -65 +116 -110 +87 -16 -122 -15 +43 -121 +56 -44 -123 -83 +52 -51 +33 -96 +60 +31 +36 -124 +105 +13 -26 -71 -57 +98 -125 +78 -103 -112 +72 -22 -102 -34 -50 +55 -118 +108 -75 -41 +90 +37 +69 -88 -93 +81 +47 +32 -126 +77 +119 -99 -89 +120 +86 +18 +106 -84 -27 -85 +12 -20 -35 -73 +61 -76 -97 +117 -39 +101 -54 -53 -80 -30 +66 +23 +38 +48 +14 -58 +92
+1 +2 +3 +4 +5 +6 +7 +8 +9 +10 +11 -12 +85 +27 +84 -106 -18 -86 -120 +89 +99 -119 -77 +126 -32 -47 -81 +93 +88 -69 -37 -90 +41 +75 -108 +118 -55 +50 +34 +102 +22 -72 +112 +103 -78 +125 -98 +57 +71 +26 -13 -105 +124 -36 -31 -60 +96 -33 +51 -52 +83 +123 +44 -56 +121 -43 +15 +122 +16 -87 +110 -116 +65 +25 +63 +49 -104 -19 +45 +40 -46 -64 +79 -68 +115 +107 +111 -100 +17 +62 -94 +29 +28 -95 +21 +24 -91 +74 +113 -114 +70 +67 -42 +109 +82 -59 -20 -35 -73 +61 -76 -97 +117 -39 +101 -54 -53 -80 -30 +66 +23 +38 +48 +14 -58 +92
+1 +2 +3 +4 +5 +6 +7 +8 +9 +10 +11 +12 +85 +27 +84 -106 -18 -86 -120 +89 +99 -119 -77 +126 -32 -47 -81 +93 +88 -69 -37 -90 +41 +75 -108 +118 -55 +50 +34 +102 +22 -72 +112 +103 -78 +125 -98 +57 +71 +26 -13 -105 +124 -36 -31 -60 +96 -33 +51 -52 +83 +123 +44 -56 +121 -43 +15 +122 +16 -87 +110 -116 +65 +25 +63 +49 -104 -19 +45 +40 -46 -64 +79 -68 +115 +107 +111 -100 +17 +62 -94 +29 +28 -95 +21 +24 -91 +74 +113 -114 +70 +67 -42 +109 +82 -59 -20 -35 -73 +61 -76 -97 +117 -39 +101 -54 -53 -80 -30 +66 +23 +38 +48 +14 -58 +92
+1 +2 +3 +4 +5 +6 +7 +8 +9 +10 +11 +12 +13 -26 -71 -57 +98 -125 +78 -103 -112 +72 -22 -102 -34 -50 +55 -118 +108 -75 -41 +90 +37 +69 -88 -93 +81 +47 +32 -126 +77 +119 -99 -89 +120 +86 +18 +106 -84 -27 -85 -105 +124 -36 -31 -60 +96 -33 +51 -52 +83 +123 +44 -56 +121 -43 +15 +122 +16 -87 +110 -116 +65 +25 +63 +49 -104 -19 +45 +40 -46 -64 +79 -68 +115 +107 +111 -100 +17 +62 -94 +29 +28 -95 +21 +24 -91 +74 +113 -114 +70 +67 -42 +109 +82 -59 -20 -35 -73 +61 -76 -97 +117 -39 +101 -54 -53 -80 -30 +66 +23 +38 +48 +14 -58 +92
+1 +2 +3 +4 +5 +6 +7 +8 +9 +10 +11 +12 +13 -14 -48 -38 -23 -66 +30 +80 +53 +54 -101 +39 -117 +97 +76 -61 +73 +35 +20 +59 -82 -109 +42 -67 -70 +114 -113 -74 +91 -24 -21 +95 -28 -29 +94 -62 -17 +100 -111 -107 -115 +68 -79 +64 +46 -40 -45 +19 +104 -49 -63 -25 -65 +116 -110 +87 -16 -122 -15 +43 -121 +56 -44 -123 -83 +52 -51 +33 -96 +60 +31 +36 -124 +105 +85 +27 +84 -106 -18 -86 -120 +89 +99 -119 -77 +126 -32 -47 -81 +93 +88 -69 -37 -90 +41 +75 -108 +118 -55 +50 +34 +102 +22 -72 +112 +103 -78 +125 -98 +57 +71 +26 -58 +92
+1 +2 +3 +4 +5 +6 +7 +8 +9 +10 +11 +12 +13 +14 -48 -38 -23 -66 +30 +80 +53 +54 -101 +39 -117 +97 +76 -61 +73 +35 +20 +59 -82 -109 +42 -67 -70 +114 -113 -74 +91 -24 -21 +95 -28 -29 +94 -62 -17 +100 -111 -107 -115 +68 -79 +64 +46 -40 -45 +19 +104 -49 -63 -25 -65 +116 -110 +87 -16 -122 -15 +43 -121 +56 -44 -123 -83 +52 -51 +33 -96 +60 +31 +36 -124 +105 +85 +27 +84 -106 -18 -86 -120 +89 +99 -119 -77 +126 -32 -47 -81 +93 +88 -69 -37 -90 +41 +75 -108 +118 -55 +50 +34 +102 +22 -72 +112 +103 -78 +125 -98 +57 +71 +26 -58 +92
+1 +2 +3 +4 +5 +6 +7 +8 +9 +10 +11 +12 +13 +14 +15 +122 +16 -87 +110 -116 +65 +25 +63 +49 -104 -19 +45 +40 -46 -64 +79 -68 +115 +107 +111 -100 +17 +62 -94 +29 +28 -95 +21 +24 -91 +74 +113 -114 +70 +67 -42 +109 +82 -59 -20 -35 -73 +61 -76 -97 +117 -39 +101 -54 -53 -80 -30 +66 +23 +38 +48 +43 -121 +56 -44 -123 -83 +52 -51 +33 -96 +60 +31 +36 -124 +105 +85 +27 +84 -106 -18 -86 -120 +89 +99 -119 -77 +126 -32 -47 -81 +93 +88 -69 -37 -90 +41 +75 -108 +118 -55 +50 +34 +102 +22 -72 +112 +103 -78 +125 -98 +57 +71 +26 -58 +92
+1 +2 +3 +4 +5 +6 +7 +8 +9 +10 +11 +12 +13 +14 +15 -16 -122 -87 +110 -116 +65 +25 +63 +49 -104 -19 +45 +40 -46 -64 +79 -68 +115 +107 +111 -100 +17 +62 -94 +29 +28 -95 +21 +24 -91 +74 +113 -114 +70 +67 -42 +109 +82 -59 -20 -35 -73 +61 -76 -97 +117 -39 +101 -54 -53 -80 -30 +66 +23 +38 +48 +43 -121 +56 -44 -123 -83 +52 -51 +33 -96 +60 +31 +36 -124 +105 +85 +27 +84 -106 -18 -86 -120 +89 +99 -119 -77 +126 -32 -47 -81 +93 +88 -69 -37 -90 +41 +75 -108 +118 -55 +50 +34 +102 +22 -72 +112 +103 -78 +125 -98 +57 +71 +26 -58 +92
+1 +2 +3 +4 +5 +6 +7 +8 +9 +10 +11 +12 +13 +14 +15 +16 -122 -87 +110 -116 +65 +25 +63 +49 -104 -19 +45 +40 -46 -64 +79 -68 +115 +107 +111 -100 +17 +62 -94 +29 +28 -95 +21 +24 -91 +74 +113 -114 +70 +67 -42 +109 +82 -59 -20 -35 -73 +61 -76 -97 +117 -39 +101 -54 -53 -80 -30 +66 +23 +38 +48 +43 -121 +56 -44 -123 -83 +52 -51 +33 -96 +60 +31 +36 -124 +105 +85 +27 +84 -106 -18 -86 -120 +89 +99 -119 -77 +126 -32 -47 -81 +93 +88 -69 -37 -90 +41 +75 -108 +118 -55 +50 +34 +102 +22 -72 +112 +103 -78 +125 -98 +57 +71 +26 -58 +92
+1 +2 +3 +4 +5 +6 +7 +8 +9 +10 +11 +12 +13 +14 +15 +16 -17 +100 -111 -107 -115 +68 -79 +64 +46 -40 -45 +19 +104 -49 -63 -25 -65 +116 -110 +87 +122 +62 -94 +29 +28 -95 +21 +24 -91 +74 +113 -114 +70 +67 -42 +109 +82 -59 -20 -35 -73 +61 -76 -97 +117 -39 +101 -54 -53 -80 -30 +66 +23 +38 +48 +43 -121 +56 -44 -123 -83 +52 -51 +33 -96 +60 +31 +36 -124 +105 +85 +27 +84 -106 -18 -86 -120 +89 +99 -119 -77 +126 -32 -47 -81 +93 +88 -69 -37 -90 +41 +75 -108 +118 -55 +50 +34 +102 +22 -72 +112 +103 -78 +125 -98 +57 +71 +26 -58 +92
+1 +2 +3 +4 +5 +6 +7 +8 +9 +10 +11 +12 +13 +14 +15 +16 +17 +100 -111 -107 -115 +68 -79 +64 +46 -40 -45 +19 +104 -49 -63 -25 -65 +116 -110 +87 +122 +62 -94 +29 +28 -95 +21 +24 -91 +74 +113 -114 +70 +67 -42 +109 +82 -59 -20 -35 -73 +61 -76 -97 +117 -39 +101 -54 -53 -80 -30 +66 +23 +38 +48 +43 -121 +56 -44 -123 -83 +52 -51 +33 -96 +60 +31 +36 -124 +105 +85 +27 +84 -106 -18 -86 -120 +89 +99 -119 -77 +126 -32 -47 -81 +93 +88 -69 -37 -90 +41 +75 -108 +118 -55 +50 +34 +102 +22 -72 +112 +103 -78 +125 -98 +57 +71 +26 -58 +92
+1 +2 +3 +4 +5 +6 +7 +8 +9 +10 +11 +12 +13 +14 +15 +16 +17 +18 +106 -84 -27 -85 -105 +124 -36 -31 -60 +96 -33 +51 -52 +83 +123 +44 -56 +121 -43 -48 -38 -23 -66 +30 +80 +53 +54 -101 +39 -117 +97 +76 -61 +73 +35 +20 +59 -82 -109 +42 -67 -70 +114 -113 -74 +91 -24 -21 +95 -28 -29 +94 -62 -122 -87 +110 -116 +65 +25 +63 +49 -104 -19 +45 +40 -46 -64 +79 -68 +115 +107 +111 -100 -86 -120 +89 +99 -119 -77 +126 -32 -47 -81 +93 +88 -69 -37 -90 +41 +75 -108 +118 -55 +50 +34 +102 +22 -72 +112 +103 -78 +125 -98 +57 +71 +26 -58 +92
+1 +2 +3 +4 +5 +6 +7 +8 +9 +10 +11 +12 +13 +14 +15 +16 +17 +18 +19 +104 -49 -63 -25 -65 +116 -110 +87 +122 +62 -94 +29 +28 -95 +21 +24 -91 +74 +113 -114 +70 +67 -42 +109 +82 -59 -20 -35 -73 +61 -76 -97 +117 -39 +101 -54 -53 -80 -30 +66 +23 +38 +48 +43 -121 +56 -44 -123 -83 +52 -51 +33 -96 +60 +31 +36 -124 +105 +85 +27 +84 -106 +45 +40 -46 -64 +79 -68 +115 +107 +111 -100 -86 -120 +89 +99 -119 -77 +126 -32 -47 -81 +93 +88 -69 -37 -90 +41 +75 -108 +118 -55 +50 +34 +102 +22 -72 +112 +103 -78 +125 -98 +57 +71 +26 -58 +92
+1 +2 +3 +4 +5 +6 +7 +8 +9 +10 +11 +12 +13 +14 +15 +16 +17 +18 +19 +20 +59 -82 -109 +42 -67 -70 +114 -113 -74 +91 -24 -21 +95 -28 -29 +94 -62 -122 -87 +110 -116 +65 +25 +63 +49 -104 -35 -73 +61 -76 -97 +117 -39 +101 -54 -53 -80 -30 +66 +23 +38 +48 +43 -121 +56 -44 -123 -83 +52 -51 +33 -96 +60 +31 +36 -124 +105 +85 +27 +84 -106 +45 +40 -46 -64 +79 -68 +115 +107 +111 -100 -86 -120 +89 +99 -119 -77 +126 -32 -47 -81 +93 +88 -69 -37 -90 +41 +75 -108 +118 -55 +50 +34 +102 +22 -72 +112 +103 -78 +125 -98 +57 +71 +26 -58 +92
+1 +2 +3 +4 +5 +6 +7 +8 +9 +10 +11 +12 +13 +14 +15 +16 +17 +18 +19 +20 +21 +24 -91 +74 +113 -114 +70 +67 -42 +109 +82 -59 +95 -28 -29 +94 -62 -122 -87 +110 -116 +65 +25 +63 +49 -104 -35 -73 +61 -76 -97 +117 -39 +101 -54 -53 -80 -30 +66 +23 +38 +48 +43 -121 +56 -44 -123 -83 +52 -51 +33 -96 +60 +31 +36 -124 +105 +85 +27 +84 -106 +45 +40 -46 -64 +79 -68 +115 +107 +111 -100 -86 -120 +89 +99 -119 -77 +126 -32 -47 -81 +93 +88 -69 -37 -90 +41 +75 -108 +118 -55 +50 +34 +102 +22 -72 +112 +103 -78 +125 -98 +57 +71 +26 -58 +92
+1 +2 +3 +4 +5 +6 +7 +8 +9 +10 +11 +12 +13 +14 +15 +16 +17 +18 +19 +20 +21 -22 -102 -34 -50 +55 -118 +108 -75 -41 +90 +37 +69 -88 -93 +81 +47 +32 -126 +77 +119 -99 -89 +120 +86 +100 -111 -107 -115 +68 -79 +64 +46 -40 -45 +106 -84 -27 -85 -105 +124 -36 -31 -60 +96 -33 +51 -52 +83 +123 +44 -56 +121 -43 -48 -38 -23 -66 +30 +80 +53 +54 -101 +39 -117 +97 +76 -61 +73 +35 +104 -49 -63 -25 -65 +116 -110 +87 +122 +62 -94 +29 +28 -95 +59 -82 -109 +42 -67 -70 +114 -113 -74 +91 -24 -72 +112 +103 -78 +125 -98 +57 +71 +26 -58 +92
+1 +2 +3 +4 +5 +6 +7 +8 +9 +10 +11 +12 +13 +14 +15 +16 +17 +18 +19 +20 +21 +22 -102 -34 -50 +55 -118 +108 -75 -41 +90 +37 +69 -88 -93 +81 +47 +32 -126 +77 +119 -99 -89 +120 +86 +100 -111 -107 -115 +68 -79 +64 +46 -40 -45 +106 -84 -27 -85 -105 +124 -36 -31 -60 +96 -33 +51 -52 +83 +123 +44 -56 +121 -43 -48 -38 -23 -66 +30 +80 +53 +54 -101 +39 -117 +97 +76 -61 +73 +35 +104 -49 -63 -25 -65 +116 -110 +87 +122 +62 -94 +29 +28 -95 +59 -82 -109 +42 -67 -70 +114 -113 -74 +91 -24 -72 +112 +103 -78 +125 -98 +57 +71 +26 -58 +92
+1 +2 +3 +4 +5 +6 +7 +8 +9 +10 +11 +12 +13 +14 +15 +16 +17 +18 +19 +20 +21 +22 +23 +38 +48 +43 -121 +56 -44 -123 -83 +52 -51 +33 -96 +60 +31 +36 -124 +105 +85 +27 +84 -106 +45 +40 -46 -64 +79 -68 +115 +107 +111 -100 -86 -120 +89 +99 -119 -77 +126 -32 -47 -81 +93 +88 -69 -37 -90 +41 +75 -108 +118 -55 +50 +34 +102 -66 +30 +80 +53 +54 -101 +39 -117 +97 +76 -61 +73 +35 +104 -49 -63 -25 -65 +116 -110 +87 +122 +62 -94 +29 +28 -95 +59 -82 -109 +42 -67 -70 +114 -113 -74 +91 -24 -72 +112 +103 -78 +125 -98 +57 +71 +26 -58 +92
+1 +2 +3 +4 +5 +6 +7 +8 +9 +10 +11 +12 +13 +14 +15 +16 +17 +18 +19 +20 +21 +22 +23 +24 -91 +74 +113 -114 +70 +67 -42 +109 +82 -59 +95 -28 -29 +94 -62 -122 -87 +110 -116 +65 +25 +63 +49 -104 -35 -73 +61 -76 -97 +117 -39 +101 -54 -53 -80 -30 +66 -102 -34 -50 +55 -118 +108 -75 -41 +90 +37 +69 -88 -93 +81 +47 +32 -126 +77 +119 -99 -89 +120 +86 +100 -111 -107 -115 +68 -79 +64 +46 -40 -45 +106 -84 -27 -85 -105 +124 -36 -31 -60 +96 -33 +51 -52 +83 +123 +44 -56 +121 -43 -48 -38 -72 +112 +103 -78 +125 -98 +57 +71 +26 -58 +92
+1 +2 +3 +4 +5 +6 +7 +8 +9 +10 +11 +12 +13 +14 +15 +16 +17 +18 +19 +20 +21 +22 +23 +24 -25 -65 +116 -110 +87 +122 +62 -94 +29 +28 -95 +59 -82 -109 +42 -67 -70 +114 -113 -74 +91 +63 +49 -104 -35 -73 +61 -76 -97 +117 -39 +101 -54 -53 -80 -30 +66 -102 -34 -50 +55 -118 +108 -75 -41 +90 +37 +69 -88 -93 +81 +47 +32 -126 +77 +119 -99 -89 +120 +86 +100 -111 -107 -115 +68 -79 +64 +46 -40 -45 +106 -84 -27 -85 -105 +124 -36 -31 -60 +96 -33 +51 -52 +83 +123 +44 -56 +121 -43 -48 -38 -72 +112 +103 -78 +125 -98 +57 +71 +26 -58 +92
+1 +2 +3 +4 +5 +6 +7 +8 +9 +10 +11 +12 +13 +14 +15 +16 +17 +18 +19 +20 +21 +22 +23 +24 +25 -65 +116 -110 +87 +122 +62 -94 +29 +28 -95 +59 -82 -109 +42 -67 -70 +114 -113 -74 +91 +63 +49 -104 -35 -73 +61 -76 -97 +117 -39 +101 -54 -53 -80 -30 +66 -102 -34 -50 +55 -118 +108 -75 -41 +90 +37 +69 -88 -93 +81 +47 +32 -126 +77 +119 -99 -89 +120 +86 +100 -111 -107 -115 +68 -79 +64 +46 -40 -45 +106 -84 -27 -85 -105 +124 -36 -31 -60 +96 -33 +51 -52 +83 +123 +44 -56 +121 -43 -48 -38 -72 +112 +103 -78 +125 -98 +57 +71 +26 -58 +92
+1 +2 +3 +4 +5 +6 +7 +8 +9 +10 +11 +12 +13 +14 +15 +16 +17 +18 +19 +20 +21 +22 +23 +24 +25 -26 -71 -57 +98 -125 +78 -103 -112 +72 +38 +48 +43 -121 +56 -44 -123 -83 +52 -51 +33 -96 +60 +31 +36 -124 +105 +85 +27 +84 -106 +45 +40 -46 -64 +79 -68 +115 +107 +111 -100 -86 -120 +89 +99 -119 -77 +126 -32 -47 -81 +93 +88 -69 -37 -90 +41 +75 -108 +118 -55 +50 +34 +102 -66 +30 +80 +53 +54 -101 +39 -117 +97 +76 -61 +73 +35 +104 -49 -63 -91 +74 +113 -114 +70 +67 -42 +109 +82 -59 +95 -28 -29 +94 -62 -122 -87 +110 -116 +65 -58 +92
+1 +2 +3 +4 +5 +6 +7 +8 +9 +10 +11 +12 +13 +14 +15 +16 +17 +18 +19 +20 +21 +22 +23 +24 +25 +26 -71 -57 +98 -125 +78 -103 -112 +72 +38 +48 +43 -121 +56 -44 -123 -83 +52 -51 +33 -96 +60 +31 +36 -124 +105 +85 +27 +84 -106 +45 +40 -46 -64 +79 -68 +115 +107 +111 -100 -86 -120 +89 +99 -119 -77 +126 -32 -47 -81 +93 +88 -69 -37 -90 +41 +75 -108 +118 -55 +50 +34 +102 -66 +30 +80 +53 +54 -101 +39 -117 +97 +76 -61 +73 +35 +104 -49 -63 -91 +74 +113 -114 +70 +67 -42 +109 +82 -59 +95 -28 -29 +94 -62 -122 -87 +110 -116 +65 -58 +92
+1 +2 +3 +4 +5 +6 +7 +8 +9 +10 +11 +12 +13 +14 +15 +16 +17 +18 +19 +20 +21 +22 +23 +24 +25 +26 -27 -85 -105 +124 -36 -31 -60 +96 -33 +51 -52 +83 +123 +44 -56 +121 -43 -48 -38 -72 +112 +103 -78 +125 -98 +57 +71 +84 -106 +45 +40 -46 -64 +79 -68 +115 +107 +111 -100 -86 -120 +89 +99 -119 -77 +126 -32 -47 -81 +93 +88 -69 -37 -90 +41 +75 -108 +118 -55 +50 +34 +102 -66 +30 +80 +53 +54 -101 +39 -117 +97 +76 -61 +73 +35 +104 -49 -63 -91 +74 +113 -114 +70 +67 -42 +109 +82 -59 +95 -28 -29 +94 -62 -122 -87 +110 -116 +65 -58 +92
+1 +2 +3 +4 +5 +6 +7 +8 +9 +10 +11 +12 +13 +14 +15 +16 +17 +18 +19 +20 +21 +22 +23 +24 +25 +26 +27 -85 -105 +124 -36 -31 -60 +96 -33 +51 -52 +83 +123 +44 -56 +121 -43 -48 -38 -72 +112 +103 -78 +125 -98 +57 +71 +84 -106 +45 +40 -46 -64 +79 -68 +115 +107 +111 -100 -86 -120 +89 +99 -119 -77 +126 -32 -47 -81 +93 +88 -69 -37 -90 +41 +75 -108 +118 -55 +50 +34 +102 -66 +30 +80 +53 +54 -101 +39 -117 +97 +76 -61 +73 +35 +104 -49 -63 -91 +74 +113 -114 +70 +67 -42 +109 +82 -59 +95 -28 -29 +94 -62 -122 -87 +110 -116 +65 -58 +92
+1 +2 +3 +4 +5 +6 +7 +8 +9 +10 +11 +12 +13 +14 +15 +16 +17 +18 +19 +20 +21 +22 +23 +24 +25 +26 +27 +28 -95 +59 -82 -109 +42 -67 -70 +114 -113 -74 +91 +63 +49 -104 -35 -73 +61 -76 -97 +117 -39 +101 -54 -53 -80 -30 +66 -102 -34 -50 +55 -118 +108 -75 -41 +90 +37 +69 -88 -93 +81 +47 +32 -126 +77 +119 -99 -89 +120 +86 +100 -111 -107 -115 +68 -79 +64 +46 -40 -45 +106 -84 -71 -57 +98 -125 +78 -103 -112 +72 +38 +48 +43 -121 +56 -44 -123 -83 +52 -51 +33 -96 +60 +31 +36 -124 +105 +85 -29 +94 -62 -122 -87 +110 -116 +65 -58 +92
+1 +2 +3 +4 +5 +6 +7 +8 +9 +10 +11 +12 +13 +14 +15 +16 +17 +18 +19 +20 +21 +22 +23 +24 +25 +26 +27 +28 +29 -85 -105 +124 -36 -31 -60 +96 -33 +51 -52 +83 +123 +44 -56 +121 -43 -48 -38 -72 +112 +103 -78 +125 -98 +57 +71 +84 -106 +45 +40 -46 -64 +79 -68 +115 +107 +111 -100 -86 -120 +89 +99 -119 -77 +126 -32 -47 -81 +93 +88 -69 -37 -90 +41 +75 -108 +118 -55 +50 +34 +102 -66 +30 +80 +53 +54 -101 +39 -117 +97 +76 -61 +73 +35 +104 -49 -63 -91 +74 +113 -114 +70 +67 -42 +109 +82 -59 +95 +94 -62 -122 -87 +110 -116 +65 -58 +92
+1 +2 +3 +4 +5 +6 +7 +8 +9 +10 +11 +12 +13 +14 +15 +16 +17 +18 +19 +20 +21 +22 +23 +24 +25 +26 +27 +28 +29 -30 +66 -102 -34 -50 +55 -118 +108 -75 -41 +90 +37 +69 -88 -93 +81 +47 +32 -126 +77 +119 -99 -89 +120 +86 +100 -111 -107 -115 +68 -79 +64 +46 -40 -45 +106 -84 -71 -57 +98 -125 +78 -103 -112 +72 +38 +48 +43 -121 +56 -44 -123 -83 +52 -51 +33 -96 +60 +31 +36 -124 +105 +85 +80 +53 +54 -101 +39 -117 +97 +76 -61 +73 +35 +104 -49 -63 -91 +74 +113 -114 +70 +67 -42 +109 +82 -59 +95 +94 -62 -122 -87 +110 -116 +65 -58 +92
+1 +2 +3 +4 +5 +6 +7 +8 +9 +10 +11 +12 +13 +14 +15 +16 +17 +18 +19 +20 +21 +22 +23 +24 +25 +26 +27 +28 +29 +30 +66 -102 -34 -50 +55 -118 +108 -75 -41 +90 +37 +69 -88 -93 +81 +47 +32 -126 +77 +119 -99 -89 +120 +86 +100 -111 -107 -115 +68 -79 +64 +46 -40 -45 +106 -84 -71 -57 +98 -125 +78 -103 -112 +72 +38 +48 +43 -121 +56 -44 -123 -83 +52 -51 +33 -96 +60 +31 +36 -124 +105 +85 +80 +53 +54 -101 +39 -117 +97 +76 -61 +73 +35 +104 -49 -63 -91 +74 +113 -114 +70 +67 -42 +109 +82 -59 +95 +94 -62 -122 -87 +110 -116 +65 -58 +92
+1 +2 +3 +4 +5 +6 +7 +8 +9 +10 +11 +12 +13 +14 +15 +16 +17 +18 +19 +20 +21 +22 +23 +24 +25 +26 +27 +28 +29 +30 -31 -60 +96 -33 +51 -52 +83 +123 +44 -56 +121 -43 -48 -38 -72 +112 +103 -78 +125 -98 +57 +71 +84 -106 +45 +40 -46 -64 +79 -68 +115 +107 +111 -100 -86 -120 +89 +99 -119 -77 +126 -32 -47 -81 +93 +88 -69 -37 -90 +41 +75 -108 +118 -55 +50 +34 +102 -66 +36 -124 +105 +85 +80 +53 +54 -101 +39 -117 +97 +76 -61 +73 +35 +104 -49 -63 -91 +74 +113 -114 +70 +67 -42 +109 +82 -59 +95 +94 -62 -122 -87 +110 -116 +65 -58 +92
+1 +2 +3 +4 +5 +6 +7 +8 +9 +10 +11 +12 +13 +14 +15 +16 +17 +18 +19 +20 +21 +22 +23 +24 +25 +26 +27 +28 +29 +30 +31 -60 +96 -33 +51 -52 +83 +123 +44 -56 +121 -43 -48 -38 -72 +112 +103 -78 +125 -98 +57 +71 +84 -106 +45 +40 -46 -64 +79 -68 +115 +107 +111 -100 -86 -120 +89 +99 -119 -77 +126 -32 -47 -81 +93 +88 -69 -37 -90 +41 +75 -108 +118 -55 +50 +34 +102 -66 +36 -124 +105 +85 +80 +53 +54 -101 +39 -117 +97 +76 -61 +73 +35 +104 -49 -63 -91 +74 +113 -114 +70 +67 -42 +109 +82 -59 +95 +94 -62 -122 -87 +110 -116 +65 -58 +92
+1 +2 +3 +4 +5 +6 +7 +8 +9 +10 +11 +12 +13 +14 +15 +16 +17 +18 +19 +20 +21 +22 +23 +24 +25 +26 +27 +28 +29 +30 +31 +32 -126 +77 +119 -99 -89 +120 +86 +100 -111 -107 -115 +68 -79 +64 +46 -40 -45 +106 -84 -71 -57 +98 -125 +78 -103 -112 +72 +38 +48 +43 -121 +56 -44 -123 -83 +52 -51 +33 -96 +60 -47 -81 +93 +88 -69 -37 -90 +41 +75 -108 +118 -55 +50 +34 +102 -66 +36 -124 +105 +85 +80 +53 +54 -101 +39 -117 +97 +76 -61 +73 +35 +104 -49 -63 -91 +74 +113 -114 +70 +67 -42 +109 +82 -59 +95 +94 -62 -122 -87 +110 -116 +65 -58 +92
+1 +2 +3 +4 +5 +6 +7 +8 +9 +10 +11 +12 +13 +14 +15 +16 +17 +18 +19 +20 +21 +22 +23 +24 +25 +26 +27 +28 +29 +30 +31 +32 -33 +51 -52 +83 +123 +44 -56 +121 -43 -48 -38 -72 +112 +103 -78 +125 -98 +57 +71 +84 -106 +45 +40 -46 -64 +79 -68 +115 +107 +111 -100 -86 -120 +89 +99 -119 -77 +126 -96 +60 -47 -81 +93 +88 -69 -37 -90 +41 +75 -108 +118 -55 +50 +34 +102 -66 +36 -124 +105 +85 +80 +53 +54 -101 +39 -117 +97 +76 -61 +73 +35 +104 -49 -63 -91 +74 +113 -114 +70 +67 -42 +109 +82 -59 +95 +94 -62 -122 -87 +110 -116 +65 -58 +92
+1 +2 +3 +4 +5 +6 +7 +8 +9 +10 +11 +12 +13 +14 +15 +16 +17 +18 +19 +20 +21 +22 +23 +24 +25 +26 +27 +28 +29 +30 +31 +32 +33 +51 -52 +83 +123 +44 -56 +121 -43 -48 -38 -72 +112 +103 -78 +125 -98 +57 +71 +84 -106 +45 +40 -46 -64 +79 -68 +115 +107 +111 -100 -86 -120 +89 +99 -119 -77 +126 -96 +60 -47 -81 +93 +88 -69 -37 -90 +41 +75 -108 +118 -55 +50 +34 +102 -66 +36 -124 +105 +85 +80 +53 +54 -101 +39 -117 +97 +76 -61 +73 +35 +104 -49 -63 -91 +74 +113 -114 +70 +67 -42 +109 +82 -59 +95 +94 -62 -122 -87 +110 -116 +65 -58 +92
+1 +2 +3 +4 +5 +6 +7 +8 +9 +10 +11 +12 +13 +14 +15 +16 +17 +18 +19 +20 +21 +22 +23 +24 +25 +26 +27 +28 +29 +30 +31 +32 +33 -34 -50 +55 -118 +108 -75 -41 +90 +37 +69 -88 -93 +81 +47 -60 +96 -126 +77 +119 -99 -89 +120 +86 +100 -111 -107 -115 +68 -79 +64 +46 -40 -45 +106 -84 -71 -57 +98 -125 +78 -103 -112 +72 +38 +48 +43 -121 +56 -44 -123 -83 +52 -51 +102 -66 +36 -124 +105 +85 +80 +53 +54 -101 +39 -117 +97 +76 -61 +73 +35 +104 -49 -63 -91 +74 +113 -114 +70 +67 -42 +109 +82 -59 +95 +94 -62 -122 -87 +110 -116 +65 -58 +92
+1 +2 +3 +4 +5 +6 +7 +8 +9 +10 +11 +12 +13 +14 +15 +16 +17 +18 +19 +20 +21 +22 +23 +24 +25 +26 +27 +28 +29 +30 +31 +32 +33 +34 -50 +55 -118 +108 -75 -41 +90 +37 +69 -88 -93 +81 +47 -60 +96 -126 +77 +119 -99 -89 +120 +86 +100 -111 -107 -115 +68 -79 +64 +46 -40 -45 +106 -84 -71 -57 +98 -125 +78 -103 -112 +72 +38 +48 +43 -121 +56 -44 -123 -83 +52 -51 +102 -66 +36 -124 +105 +85 +80 +53 +54 -101 +39 -117 +97 +76 -61 +73 +35 +104 -49 -63 -91 +74 +113 -114 +70 +67 -42 +109 +82 -59 +95 +94 -62 -122 -87 +110 -116 +65 -58 +92
+1 +2 +3 +4 +5 +6 +7 +8 +9 +10 +11 +12 +13 +14 +15 +16 +17 +18 +19 +20 +21 +22 +23 +24 +25 +26 +27 +28 +29 +30 +31 +32 +33 +34 -35 -73 +61 -76 -97 +117 -39 +101 -54 -53 -80 -85 -105 +124 -36 +66 -102 +51 -52 +83 +123 +44 -56 +121 -43 -48 -38 -72 +112 +103 -78 +125 -98 +57 +71 +84 -106 +45 +40 -46 -64 +79 -68 +115 +107 +111 -100 -86 -120 +89 +99 -119 -77 +126 -96 +60 -47 -81 +93 +88 -69 -37 -90 +41 +75 -108 +118 -55 +50 +104 -49 -63 -91 +74 +113 -114 +70 +67 -42 +109 +82 -59 +95 +94 -62 -122 -87 +110 -116 +65 -58 +92
+1 +2 +3 +4 +5 +6 +7 +8 +9 +10 +11 +12 +13 +14 +15 +16 +17 +18 +19 +20 +21 +22 +23 +24 +25 +26 +27 +28 +29 +30 +31 +32 +33 +34 +35 -73 +61 -76 -97 +117 -39 +101 -54 -53 -80 -85 -105 +124 -36 +66 -102 +51 -52 +83 +123 +44 -56 +121 -43 -48 -38 -72 +112 +103 -78 +125 -98 +57 +71 +84 -106 +45 +40 -46 -64 +79 -68 +115 +107 +111 -100 -86 -120 +89 +99 -119 -77 +126 -96 +60 -47 -81 +93 +88 -69 -37 -90 +41 +75 -108 +118 -55 +50 +104 -49 -63 -91 +74 +113 -114 +70 +67 -42 +109 +82 -59 +95 +94 -62 -122 -87 +110 -116 +65 -58 +92
+1 +2 +3 +4 +5 +6 +7 +8 +9 +10 +11 +12 +13 +14 +15 +16 +17 +18 +19 +20 +21 +22 +23 +24 +25 +26 +27 +28 +29 +30 +31 +32 +33 +34 +35 +36 -124 +105 +85 +80 +53 +54 -101 +39 -117 +97 +76 -61 +73 +66 -102 +51 -52 +83 +123 +44 -56 +121 -43 -48 -38 -72 +112 +103 -78 +125 -98 +57 +71 +84 -106 +45 +40 -46 -64 +79 -68 +115 +107 +111 -100 -86 -120 +89 +99 -119 -77 +126 -96 +60 -47 -81 +93 +88 -69 -37 -90 +41 +75 -108 +118 -55 +50 +104 -49 -63 -91 +74 +113 -114 +70 +67 -42 +109 +82 -59 +95 +94 -62 -122 -87 +110 -116 +65 -58 +92
+1 +2 +3 +4 +5 +6 +7 +8 +9 +10 +11 +12 +13 +14 +15 +16 +17 +18 +19 +20 +21 +22 +23 +24 +25 +26 +27 +28 +29 +30 +31 +32 +33 +34 +35 +36 +37 +69 -88 -93 +81 +47 -60 +96 -126 +77 +119 -99 -89 +120 +86 +100 -111 -107 -115 +68 -79 +64 +46 -40 -45 +106 -84 -71 -57 +98 -125 +78 -103 -112 +72 +38 +48 +43 -121 +56 -44 -123 -83 +52 -51 +102 -66 -73 +61 -76 -97 +117 -39 +101 -54 -53 -80 -85 -105 +124 -90 +41 +75 -108 +118 -55 +50 +104 -49 -63 -91 +74 +113 -114 +70 +67 -42 +109 +82 -59 +95 +94 -62 -122 -87 +110 -116 +65 -58 +92
+1 +2 +3 +4 +5 +6 +7 +8 +9 +10 +11 +12 +13 +14 +15 +16 +17 +18 +19 +20 +21 +22 +23 +24 +25 +26 +27 +28 +29 +30 +31 +32 +33 +34 +35 +36 +37 -38 -72 +112 +103 -78 +125 -98 +57 +71 +84 -106 +45 +40 -46 -64 +79 -68 +115 +107 +111 -100 -86 -120 +89 +99 -119 -77 +126 -96 +60 -47 -81 +93 +88 -69 +48 +43 -121 +56 -44 -123 -83 +52 -51 +102 -66 -73 +61 -76 -97 +117 -39 +101 -54 -53 -80 -85 -105 +124 -90 +41 +75 -108 +118 -55 +50 +104 -49 -63 -91 +74 +113 -114 +70 +67 -42 +109 +82 -59 +95 +94 -62 -122 -87 +110 -116 +65 -58 +92
+1 +2 +3 +4 +5 +6 +7 +8 +9 +10 +11 +12 +13 +14 +15 +16 +17 +18 +19 +20 +21 +22 +23 +24 +25 +26 +27 +28 +29 +30 +31 +32 +33 +34 +35 +36 +37 +38 -72 +112 +103 -78 +125 -98 +57 +71 +84 -106 +45 +40 -46 -64 +79 -68 +115 +107 +111 -100 -86 -120 +89 +99 -119 -77 +126 -96 +60 -47 -81 +93 +88 -69 +48 +43 -121 +56 -44 -123 -83 +52 -51 +102 -66 -73 +61 -76 -97 +117 -39 +101 -54 -53 -80 -85 -105 +124 -90 +41 +75 -108 +118 -55 +50 +104 -49 -63 -91 +74 +113 -114 +70 +67 -42 +109 +82 -59 +95 +94 -62 -122 -87 +110 -116 +65 -58 +92
+1 +2 +3 +4 +5 +6 +7 +8 +9 +10 +11 +12 +13 +14 +15 +16 +17 +18 +19 +20 +21 +22 +23 +24 +25 +26 +27 +28 +29 +30 +31 +32 +33 +34 +35 +36 +37 +38 +39 -117 +97 +76 -61 +73 +66 -102 +51 -52 +83 +123 +44 -56 +121 -43 -48 +69 -88 -93 +81 +47 -60 +96 -126 +77 +119 -99 -89 +120 +86 +100 -111 -107 -115 +68 -79 +64 +46 -40 -45 +106 -84 -71 -57 +98 -125 +78 -103 -112 +72 +101 -54 -53 -80 -85 -105 +124 -90 +41 +75 -108 +118 -55 +50 +104 -49 -63 -91 +74 +113 -114 +70 +67 -42 +109 +82 -59 +95 +94 -62 -122 -87 +110 -116 +65 -58 +92
+1 +2 +3 +4 +5 +6 +7 +8 +9 +10 +11 +12 +13 +14 +15 +16 +17 +18 +19 +20 +21 +22 +23 +24 +25 +26 +27 +28 +29 +30 +31 +32 +33 +34 +35 +36 +37 +38 +39 +40 -46 -64 +79 -68 +115 +107 +111 -100 -86 -120 +89 +99 -119 -77 +126 -96 +60 -47 -81 +93 +88 -69 +48 +43 -121 +56 -44 -123 -83 +52 -51 +102 -66 -73 +61 -76 -97 +117 -45 +106 -84 -71 -57 +98 -125 +78 -103 -112 +72 +101 -54 -53 -80 -85 -105 +124 -90 +41 +75 -108 +118 -55 +50 +104 -49 -63 -91 +74 +113 -114 +70 +67 -42 +109 +82 -59 +95 +94 -62 -122 -87 +110 -116 +65 -58 +92
+1 +2 +3 +4 +5 +6 +7 +8 +9 +10 +11 +12 +13 +14 +15 +16 +17 +18 +19 +20 +21 +22 +23 +24 +25 +26 +27 +28 +29 +30 +31 +32 +33 +34 +35 +36 +37 +38 +39 +40 -41 +90 -124 +105 +85 +80 +53 +54 -101 -72 +112 +103 -78 +125 -98 +57 +71 +84 -106 +45 -117 +97 +76 -61 +73 +66 -102 +51 -52 +83 +123 +44 -56 +121 -43 -48 +69 -88 -93 +81 +47 -60 +96 -126 +77 +119 -99 -89 +120 +86 +100 -111 -107 -115 +68 -79 +64 +46 +75 -108 +118 -55 +50 +104 -49 -63 -91 +74 +113 -114 +70 +67 -42 +109 +82 -59 +95 +94 -62 -122 -87 +110 -116 +65 -58 +92
+1 +2 +3 +4 +5 +6 +7 +8 +9 +10 +11 +12 +13 +14 +15 +16 +17 +18 +19 +20 +21 +22 +23 +24 +25 +26 +27 +28 +29 +30 +31 +32 +33 +34 +35 +36 +37 +38 +39 +40 +41 +90 -124 +105 +85 +80 +53 +54 -101 -72 +112 +103 -78 +125 -98 +57 +71 +84 -106 +45 -117 +97 +76 -61 +73 +66 -102 +51 -52 +83 +123 +44 -56 +121 -43 -48 +69 -88 -93 +81 +47 -60 +96 -126 +77 +119 -99 -89 +120 +86 +100 -111 -107 -115 +68 -79 +64 +46 +75 -108 +118 -55 +50 +104 -49 -63 -91 +74 +113 -114 +70 +67 -42 +109 +82 -59 +95 +94 -62 -122 -87 +110 -116 +65 -58 +92
+1 +2 +3 +4 +5 +6 +7 +8 +9 +10 +11 +12 +13 +14 +15 +16 +17 +18 +19 +20 +21 +22 +23 +24 +25 +26 +27 +28 +29 +30 +31 +32 +33 +34 +35 +36 +37 +38 +39 +40 +41 +42 -67 -70 +114 -113 -74 +91 +63 +49 -104 -50 +55 -118 +108 -75 -46 -64 +79 -68 +115 +107 +111 -100 -86 -120 +89 +99 -119 -77 +126 -96 +60 -47 -81 +93 +88 -69 +48 +43 -121 +56 -44 -123 -83 +52 -51 +102 -66 -73 +61 -76 -97 +117 -45 +106 -84 -71 -57 +98 -125 +78 -103 -112 +72 +101 -54 -53 -80 -85 -105 +124 -90 +109 +82 -59 +95 +94 -62 -122 -87 +110 -116 +65 -58 +92
+1 +2 +3 +4 +5 +6 +7 +8 +9 +10 +11 +12 +13 +14 +15 +16 +17 +18 +19 +20 +21 +22 +23 +24 +25 +26 +27 +28 +29 +30 +31 +32 +33 +34 +35 +36 +37 +38 +39 +40 +41 +42 -43 -48 +69 -88 -93 +81 +47 -60 +96 -126 +77 +119 -99 -89 +120 +86 +100 -111 -107 -115 +68 -79 +64 +46 +75 -108 +118 -55 +50 +104 -49 -63 -91 +74 +113 -114 +70 +67 -121 +56 -44 -123 -83 +52 -51 +102 -66 -73 +61 -76 -97 +117 -45 +106 -84 -71 -57 +98 -125 +78 -103 -112 +72 +101 -54 -53 -80 -85 -105 +124 -90 +109 +82 -59 +95 +94 -62 -122 -87 +110 -116 +65 -58 +92
+1 +2 +3 +4 +5 +6 +7 +8 +9 +10 +11 +12 +13 +14 +15 +16 +17 +18 +19 +20 +21 +22 +23 +24 +25 +26 +27 +28 +29 +30 +31 +32 +33 +34 +35 +36 +37 +38 +39 +40 +41 +42 +43 -48 +69 -88 -93 +81 +47 -60 +96 -126 +77 +119 -99 -89 +120 +86 +100 -111 -107 -115 +68 -79 +64 +46 +75 -108 +118 -55 +50 +104 -49 -63 -91 +74 +113 -114 +70 +67 -121 +56 -44 -123 -83 +52 -51 +102 -66 -73 +61 -76 -97 +117 -45 +106 -84 -71 -57 +98 -125 +78 -103 -112 +72 +101 -54 -53 -80 -85 -105 +124 -90 +109 +82 -59 +95 +94 -62 -122 -87 +110 -116 +65 -58 +92
+1 +2 +3 +4 +5 +6 +7 +8 +9 +10 +11 +12 +13 +14 +15 +16 +17 +18 +19 +20 +21 +22 +23 +24 +25 +26 +27 +28 +29 +30 +31 +32 +33 +34 +35 +36 +37 +38 +39 +40 +41 +42 +43 +44 -56 +121 -67 -70 +114 -113 -74 +91 +63 +49 -104 -50 +55 -118 +108 -75 -46 -64 +79 -68 +115 +107 +111 -100 -86 -120 +89 +99 -119 -77 +126 -96 +60 -47 -81 +93 +88 -69 +48 -123 -83 +52 -51 +102 -66 -73 +61 -76 -97 +117 -45 +106 -84 -71 -57 +98 -125 +78 -103 -112 +72 +101 -54 -53 -80 -85 -105 +124 -90 +109 +82 -59 +95 +94 -62 -122 -87 +110 -116 +65 -58 +92
+1 +2 +3 +4 +5 +6 +7 +8 +9 +10 +11 +12 +13 +14 +15 +16 +17 +18 +19 +20 +21 +22 +23 +24 +25 +26 +27 +28 +29 +30 +31 +32 +33 +34 +35 +36 +37 +38 +39 +40 +41 +42 +43 +44 +45 -117 +97 +76 -61 +73 +66 -102 +51 -52 +83 +123 -48 +69 -88 -93 +81 +47 -60 +96 -126 +77 +119 -99 -89 +120 +86 +100 -111 -107 -115 +68 -79 +64 +46 +75 -108 +118 -55 +50 +104 -49 -63 -91 +74 +113 -114 +70 +67 -121 +56 +106 -84 -71 -57 +98 -125 +78 -103 -112 +72 +101 -54 -53 -80 -85 -105 +124 -90 +109 +82 -59 +95 +94 -62 -122 -87 +110 -116 +65 -58 +92
+1 +2 +3 +4 +5 +6 +7 +8 +9 +10 +11 +12 +13 +14 +15 +16 +17 +18 +19 +20 +21 +22 +23 +24 +25 +26 +27 +28 +29 +30 +31 +32 +33 +34 +35 +36 +37 +38 +39 +40 +41 +42 +43 +44 +45 -46 -64 +79 -68 +115 +107 +111 -100 -86 -120 +89 +99 -119 -77 +126 -96 +60 -47 -81 +93 +88 -69 +48 -123 -83 +52 -51 +102 -66 -73 +61 -76 -97 +117 +75 -108 +118 -55 +50 +104 -49 -63 -91 +74 +113 -114 +70 +67 -121 +56 +106 -84 -71 -57 +98 -125 +78 -103 -112 +72 +101 -54 -53 -80 -85 -105 +124 -90 +109 +82 -59 +95 +94 -62 -122 -87 +110 -116 +65 -58 +92
+1 +2 +3 +4 +5 +6 +7 +8 +9 +10 +11 +12 +13 +14 +15 +16 +17 +18 +19 +20 +21 +22 +23 +24 +25 +26 +27 +28 +29 +30 +31 +32 +33 +34 +35 +36 +37 +38 +39 +40 +41 +42 +43 +44 +45 +46 -64 +79 -68 +115 +107 +111 -100 -86 -120 +89 +99 -119 -77 +126 -96 +60 -47 -81 +93 +88 -69 +48 -123 -83 +52 -51 +102 -66 -73 +61 -76 -97 +117 +75 -108 +118 -55 +50 +104 -49 -63 -91 +74 +113 -114 +70 +67 -121 +56 +106 -84 -71 -57 +98 -125 +78 -103 -112 +72 +101 -54 -53 -80 -85 -105 +124 -90 +109 +82 -59 +95 +94 -62 -122 -87 +110 -116 +65 -58 +92
+1 +2 +3 +4 +5 +6 +7 +8 +9 +10 +11 +12 +13 +14 +15 +16 +17 +18 +19 +20 +21 +22 +23 +24 +25 +26 +27 +28 +29 +30 +31 +32 +33 +34 +35 +36 +37 +38 +39 +40 +41 +42 +43 +44 +45 +46 +47 -60 +96 -126 +77 +119 -99 -89 +120 +86 +100 -111 -107 -115 +68 -79 +64 -81 +93 +88 -69 +48 -123 -83 +52 -51 +102 -66 -73 +61 -76 -97 +117 +75 -108 +118 -55 +50 +104 -49 -63 -91 +74 +113 -114 +70 +67 -121 +56 +106 -84 -71 -57 +98 -125 +78 -103 -112 +72 +101 -54 -53 -80 -85 -105 +124 -90 +109 +82 -59 +95 +94 -62 -122 -87 +110 -116 +65 -58 +92
+1 +2 +3 +4 +5 +6 +7 +8 +9 +10 +11 +12 +13 +14 +15 +16 +17 +18 +19 +20 +21 +22 +23 +24 +25 +26 +27 +28 +29 +30 +31 +32 +33 +34 +35 +36 +37 +38 +39 +40 +41 +42 +43 +44 +45 +46 +47 -48 +69 -88 -93 +81 -64 +79 -68 +115 +107 +111 -100 -86 -120 +89 +99 -119 -77 +126 -96 +60 -123 -83 +52 -51 +102 -66 -73 +61 -76 -97 +117 +75 -108 +118 -55 +50 +104 -49 -63 -91 +74 +113 -114 +70 +67 -121 +56 +106 -84 -71 -57 +98 -125 +78 -103 -112 +72 +101 -54 -53 -80 -85 -105 +124 -90 +109 +82 -59 +95 +94 -62 -122 -87 +110 -116 +65 -58 +92
+1 +2 +3 +4 +5 +6 +7 +8 +9 +10 +11 +12 +13 +14 +15 +16 +17 +18 +19 +20 +21 +22 +23 +24 +25 +26 +27 +28 +29 +30 +31 +32 +33 +34 +35 +36 +37 +38 +39 +40 +41 +42 +43 +44 +45 +46 +47 +48 +69 -88 -93 +81 -64 +79 -68 +115 +107 +111 -100 -86 -120 +89 +99 -119 -77 +126 -96 +60 -123 -83 +52 -51 +102 -66 -73 +61 -76 -97 +117 +75 -108 +118 -55 +50 +104 -49 -63 -91 +74 +113 -114 +70 +67 -121 +56 +106 -84 -71 -57 +98 -125 +78 -103 -112 +72 +101 -54 -53 -80 -85 -105 +124 -90 +109 +82 -59 +95 +94 -62 -122 -87 +110 -116 +65 -58 +92
+1 +2 +3 +4 +5 +6 +7 +8 +9 +10 +11 +12 +13 +14 +15 +16 +17 +18 +19 +20 +21 +22 +23 +24 +25 +26 +27 +28 +29 +30 +31 +32 +33 +34 +35 +36 +37 +38 +39 +40 +41 +42 +43 +44 +45 +46 +47 +48 +49 -104 -50 +55 -118 +108 -75 -117 +97 +76 -61 +73 +66 -102 +51 -52 +83 +123 -60 +96 -126 +77 +119 -99 -89 +120 +86 +100 -111 -107 -115 +68 -79 +64 -81 +93 +88 -69 -63 -91 +74 +113 -114 +70 +67 -121 +56 +106 -84 -71 -57 +98 -125 +78 -103 -112 +72 +101 -54 -53 -80 -85 -105 +124 -90 +109 +82 -59 +95 +94 -62 -122 -87 +110 -116 +65 -58 +92
+1 +2 +3 +4 +5 +6 +7 +8 +9 +10 +11 +12 +13 +14 +15 +16 +17 +18 +19 +20 +21 +22 +23 +24 +25 +26 +27 +28 +29 +30 +31 +32 +33 +34 +35 +36 +37 +38 +39 +40 +41 +42 +43 +44 +45 +46 +47 +48 +49 +50 +104 +55 -118 +108 -75 -117 +97 +76 -61 +73 +66 -102 +51 -52 +83 +123 -60 +96 -126 +77 +119 -99 -89 +120 +86 +100 -111 -107 -115 +68 -79 +64 -81 +93 +88 -69 -63 -91 +74 +113 -114 +70 +67 -121 +56 +106 -84 -71 -57 +98 -125 +78 -103 -112 +72 +101 -54 -53 -80 -85 -105 +124 -90 +109 +82 -59 +95 +94 -62 -122 -87 +110 -116 +65 -58 +92
+1 +2 +3 +4 +5 +6 +7 +8 +9 +10 +11 +12 +13 +14 +15 +16 +17 +18 +19 +20 +21 +22 +23 +24 +25 +26 +27 +28 +29 +30 +31 +32 +33 +34 +35 +36 +37 +38 +39 +40 +41 +42 +43 +44 +45 +46 +47 +48 +49 +50 -51 +102 -66 -73 +61 -76 -97 +117 +75 -108 +118 -55 -104 -52 +83 +123 -60 +96 -126 +77 +119 -99 -89 +120 +86 +100 -111 -107 -115 +68 -79 +64 -81 +93 +88 -69 -63 -91 +74 +113 -114 +70 +67 -121 +56 +106 -84 -71 -57 +98 -125 +78 -103 -112 +72 +101 -54 -53 -80 -85 -105 +124 -90 +109 +82 -59 +95 +94 -62 -122 -87 +110 -116 +65 -58 +92
+1 +2 +3 +4 +5 +6 +7 +8 +9 +10 +11 +12 +13 +14 +15 +16 +17 +18 +19 +20 +21 +22 +23 +24 +25 +26 +27 +28 +29 +30 +31 +32 +33 +34 +35 +36 +37 +38 +39 +40 +41 +42 +43 +44 +45 +46 +47 +48 +49 +50 +51 +102 -66 -73 +61 -76 -97 +117 +75 -108 +118 -55 -104 -52 +83 +123 -60 +96 -126 +77 +119 -99 -89 +120 +86 +100 -111 -107 -115 +68 -79 +64 -81 +93 +88 -69 -63 -91 +74 +113 -114 +70 +67 -121 +56 +106 -84 -71 -57 +98 -125 +78 -103 -112 +72 +101 -54 -53 -80 -85 -105 +124 -90 +109 +82 -59 +95 +94 -62 -122 -87 +110 -116 +65 -58 +92
+1 +2 +3 +4 +5 +6 +7 +8 +9 +10 +11 +12 +13 +14 +15 +16 +17 +18 +19 +20 +21 +22 +23 +24 +25 +26 +27 +28 +29 +30 +31 +32 +33 +34 +35 +36 +37 +38 +39 +40 +41 +42 +43 +44 +45 +46 +47 +48 +49 +50 +51 +52 +104 +55 -118 +108 -75 -117 +97 +76 -61 +73 +66 -102 +83 +123 -60 +96 -126 +77 +119 -99 -89 +120 +86 +100 -111 -107 -115 +68 -79 +64 -81 +93 +88 -69 -63 -91 +74 +113 -114 +70 +67 -121 +56 +106 -84 -71 -57 +98 -125 +78 -103 -112 +72 +101 -54 -53 -80 -85 -105 +124 -90 +109 +82 -59 +95 +94 -62 -122 -87 +110 -116 +65 -58 +92
+1 +2 +3 +4 +5 +6 +7 +8 +9 +10 +11 +12 +13 +14 +15 +16 +17 +18 +19 +20 +21 +22 +23 +24 +25 +26 +27 +28 +29 +30 +31 +32 +33 +34 +35 +36 +37 +38 +39 +40 +41 +42 +43 +44 +45 +46 +47 +48 +49 +50 +51 +52 +53 +54 -101 -72 +112 +103 -78 +125 -98 +57 +71 +84 -106 -56 +121 -67 -70 +114 -113 -74 +91 +63 +69 -88 -93 +81 -64 +79 -68 +115 +107 +111 -100 -86 -120 +89 +99 -119 -77 +126 -96 +60 -123 -83 +102 -66 -73 +61 -76 -97 +117 +75 -108 +118 -55 -104 -80 -85 -105 +124 -90 +109 +82 -59 +95 +94 -62 -122 -87 +110 -116 +65 -58 +92
+1 +2 +3 +4 +5 +6 +7 +8 +9 +10 +11 +12 +13 +14 +15 +16 +17 +18 +19 +20 +21 +22 +23 +24 +25 +26 +27 +28 +29 +30 +31 +32 +33 +34 +35 +36 +37 +38 +39 +40 +41 +42 +43 +44 +45 +46 +47 +48 +49 +50 +51 +52 +53 -54 -101 -72 +112 +103 -78 +125 -98 +57 +71 +84 -106 -56 +121 -67 -70 +114 -113 -74 +91 +63 +69 -88 -93 +81 -64 +79 -68 +115 +107 +111 -100 -86 -120 +89 +99 -119 -77 +126 -96 +60 -123 -83 +102 -66 -73 +61 -76 -97 +117 +75 -108 +118 -55 -104 -80 -85 -105 +124 -90 +109 +82 -59 +95 +94 -62 -122 -87 +110 -116 +65 -58 +92
+1 +2 +3 +4 +5 +6 +7 +8 +9 +10 +11 +12 +13 +14 +15 +16 +17 +18 +19 +20 +21 +22 +23 +24 +25 +26 +27 +28 +29 +30 +31 +32 +33 +34 +35 +36 +37 +38 +39 +40 +41 +42 +43 +44 +45 +46 +47 +48 +49 +50 +51 +52 +53 +54 -101 -72 +112 +103 -78 +125 -98 +57 +71 +84 -106 -56 +121 -67 -70 +114 -113 -74 +91 +63 +69 -88 -93 +81 -64 +79 -68 +115 +107 +111 -100 -86 -120 +89 +99 -119 -77 +126 -96 +60 -123 -83 +102 -66 -73 +61 -76 -97 +117 +75 -108 +118 -55 -104 -80 -85 -105 +124 -90 +109 +82 -59 +95 +94 -62 -122 -87 +110 -116 +65 -58 +92
+1 +2 +3 +4 +5 +6 +7 +8 +9 +10 +11 +12 +13 +14 +15 +16 +17 +18 +19 +20 +21 +22 +23 +24 +25 +26 +27 +28 +29 +30 +31 +32 +33 +34 +35 +36 +37 +38 +39 +40 +41 +42 +43 +44 +45 +46 +47 +48 +49 +50 +51 +52 +53 +54 +55 -118 +108 -75 -117 +97 +76 -61 +73 +66 -102 +83 +123 -60 +96 -126 +77 +119 -99 -89 +120 +86 +100 -111 -107 -115 +68 -79 +64 -81 +93 +88 -69 -63 -91 +74 +113 -114 +70 +67 -121 +56 +106 -84 -71 -57 +98 -125 +78 -103 -112 +72 +101 -104 -80 -85 -105 +124 -90 +109 +82 -59 +95 +94 -62 -122 -87 +110 -116 +65 -58 +92
+1 +2 +3 +4 +5 +6 +7 +8 +9 +10 +11 +12 +13 +14 +15 +16 +17 +18 +19 +20 +21 +22 +23 +24 +25 +26 +27 +28 +29 +30 +31 +32 +33 +34 +35 +36 +37 +38 +39 +40 +41 +42 +43 +44 +45 +46 +47 +48 +49 +50 +51 +52 +53 +54 +55 -56 +121 -67 -70 +114 -113 -74 +91 +63 +69 -88 -93 +81 -64 +79 -68 +115 +107 +111 -100 -86 -120 +89 +99 -119 -77 +126 -96 +60 -123 -83 +102 -66 -73 +61 -76 -97 +117 +75 -108 +118 +106 -84 -71 -57 +98 -125 +78 -103 -112 +72 +101 -104 -80 -85 -105 +124 -90 +109 +82 -59 +95 +94 -62 -122 -87 +110 -116 +65 -58 +92
+1 +2 +3 +4 +5 +6 +7 +8 +9 +10 +11 +12 +13 +14 +15 +16 +17 +18 +19 +20 +21 +22 +23 +24 +25 +26 +27 +28 +29 +30 +31 +32 +33 +34 +35 +36 +37 +38 +39 +40 +41 +42 +43 +44 +45 +46 +47 +48 +49 +50 +51 +52 +53 +54 +55 +56 +121 -67 -70 +114 -113 -74 +91 +63 +69 -88 -93 +81 -64 +79 -68 +115 +107 +111 -100 -86 -120 +89 +99 -119 -77 +126 -96 +60 -123 -83 +102 -66 -73 +61 -76 -97 +117 +75 -108 +118 +106 -84 -71 -57 +98 -125 +78 -103 -112 +72 +101 -104 -80 -85 -105 +124 -90 +109 +82 -59 +95 +94 -62 -122 -87 +110 -116 +65 -58 +92
+1 +2 +3 +4 +5 +6 +7 +8 +9 +10 +11 +12 +13 +14 +15 +16 +17 +18 +19 +20 +21 +22 +23 +24 +25 +26 +27 +28 +29 +30 +31 +32 +33 +34 +35 +36 +37 +38 +39 +40 +41 +42 +43 +44 +45 +46 +47 +48 +49 +50 +51 +52 +53 +54 +55 +56 +57 +71 +84 -106 -118 +108 -75 -117 +97 +76 -61 +73 +66 -102 +83 +123 -60 +96 -126 +77 +119 -99 -89 +120 +86 +100 -111 -107 -115 +68 -79 +64 -81 +93 +88 -69 -63 -91 +74 +113 -114 +70 +67 -121 +98 -125 +78 -103 -112 +72 +101 -104 -80 -85 -105 +124 -90 +109 +82 -59 +95 +94 -62 -122 -87 +110 -116 +65 -58 +92
+1 +2 +3 +4 +5 +6 +7 +8 +9 +10 +11 +12 +13 +14 +15 +16 +17 +18 +19 +20 +21 +22 +23 +24 +25 +26 +27 +28 +29 +30 +31 +32 +33 +34 +35 +36 +37 +38 +39 +40 +41 +42 +43 +44 +45 +46 +47 +48 +49 +50 +51 +52 +53 +54 +55 +56 +57 +58 -65 +116 -110 +87 +122 +62 -94 -95 +59 -82 -109 +90 -124 +105 +85 +80 +104 -101 -72 +112 +103 -78 +125 -98 +121 -67 -70 +114 -113 -74 +91 +63 +69 -88 -93 +81 -64 +79 -68 +115 +107 +111 -100 -86 -120 +89 +99 -119 -77 +126 -96 +60 -123 -83 +102 -66 -73 +61 -76 -97 +117 +75 -108 +118 +106 -84 -71 +92
+1 +2 +3 +4 +5 +6 +7 +8 +9 +10 +11 +12 +13 +14 +15 +16 +17 +18 +19 +20 +21 +22 +23 +24 +25 +26 +27 +28 +29 +30 +31 +32 +33 +34 +35 +36 +37 +38 +39 +40 +41 +42 +43 +44 +45 +46 +47 +48 +49 +50 +51 +52 +53 +54 +55 +56 +57 +58 -59 +95 +94 -62 -122 -87 +110 -116 +65 -82 -109 +90 -124 +105 +85 +80 +104 -101 -72 +112 +103 -78 +125 -98 +121 -67 -70 +114 -113 -74 +91 +63 +69 -88 -93 +81 -64 +79 -68 +115 +107 +111 -100 -86 -120 +89 +99 -119 -77 +126 -96 +60 -123 -83 +102 -66 -73 +61 -76 -97 +117 +75 -108 +118 +106 -84 -71 +92
+1 +2 +3 +4 +5 +6 +7 +8 +9 +10 +11 +12 +13 +14 +15 +16 +17 +18 +19 +20 +21 +22 +23 +24 +25 +26 +27 +28 +29 +30 +31 +32 +33 +34 +35 +36 +37 +38 +39 +40 +41 +42 +43 +44 +45 +46 +47 +48 +49 +50 +51 +52 +53 +54 +55 +56 +57 +58 +59 +95 +94 -62 -122 -87 +110 -116 +65 -82 -109 +90 -124 +105 +85 +80 +104 -101 -72 +112 +103 -78 +125 -98 +121 -67 -70 +114 -113 -74 +91 +63 +69 -88 -93 +81 -64 +79 -68 +115 +107 +111 -100 -86 -120 +89 +99 -119 -77 +126 -96 +60 -123 -83 +102 -66 -73 +61 -76 -97 +117 +75 -108 +118 +106 -84 -71 +92
+1 +2 +3 +4 +5 +6 +7 +8 +9 +10 +11 +12 +13 +14 +15 +16 +17 +18 +19 +20 +21 +22 +23 +24 +25 +26 +27 +28 +29 +30 +31 +32 +33 +34 +35 +36 +37 +38 +39 +40 +41 +42 +43 +44 +45 +46 +47 +48 +49 +50 +51 +52 +53 +54 +55 +56 +57 +58 +59 -60 +96 -126 +77 +119 -99 -89 +120 +86 +100 -111 -107 -115 +68 -79 +64 -81 +93 +88 -69 -63 -91 +74 +113 -114 +70 +67 -121 +98 -125 +78 -103 -112 +72 +101 -104 -80 -85 -105 +124 -90 +109 +82 -65 +116 -110 +87 +122 +62 -94 -95 -123 -83 +102 -66 -73 +61 -76 -97 +117 +75 -108 +118 +106 -84 -71 +92
+1 +2 +3 +4 +5 +6 +7 +8 +9 +10 +11 +12 +13 +14 +15 +16 +17 +18 +19 +20 +21 +22 +23 +24 +25 +26 +27 +28 +29 +30 +31 +32 +33 +34 +35 +36 +37 +38 +39 +40 +41 +42 +43 +44 +45 +46 +47 +48 +49 +50 +51 +52 +53 +54 +55 +56 +57 +58 +59 +60 +96 -126 +77 +119 -99 -89 +120 +86 +100 -111 -107 -115 +68 -79 +64 -81 +93 +88 -69 -63 -91 +74 +113 -114 +70 +67 -121 +98 -125 +78 -103 -112 +72 +101 -104 -80 -85 -105 +124 -90 +109 +82 -65 +116 -110 +87 +122 +62 -94 -95 -123 -83 +102 -66 -73 +61 -76 -97 +117 +75 -108 +118 +106 -84 -71 +92
+1 +2 +3 +4 +5 +6 +7 +8 +9 +10 +11 +12 +13 +14 +15 +16 +17 +18 +19 +20 +21 +22 +23 +24 +25 +26 +27 +28 +29 +30 +31 +32 +33 +34 +35 +36 +37 +38 +39 +40 +41 +42 +43 +44 +45 +46 +47 +48 +49 +50 +51 +52 +53 +54 +55 +56 +57 +58 +59 +60 -61 +73 +66 -102 +83 +123 +95 +94 -62 -122 -87 +110 -116 +65 -82 -109 +90 -124 +105 +85 +80 +104 -101 -72 +112 +103 -78 +125 -98 +121 -67 -70 +114 -113 -74 +91 +63 +69 -88 -93 +81 -64 +79 -68 +115 +107 +111 -100 -86 -120 +89 +99 -119 -77 +126 -96 -76 -97 +117 +75 -108 +118 +106 -84 -71 +92
+1 +2 +3 +4 +5 +6 +7 +8 +9 +10 +11 +12 +13 +14 +15 +16 +17 +18 +19 +20 +21 +22 +23 +24 +25 +26 +27 +28 +29 +30 +31 +32 +33 +34 +35 +36 +37 +38 +39 +40 +41 +42 +43 +44 +45 +46 +47 +48 +49 +50 +51 +52 +53 +54 +55 +56 +57 +58 +59 +60 +61 +73 +66 -102 +83 +123 +95 +94 -62 -122 -87 +110 -116 +65 -82 -109 +90 -124 +105 +85 +80 +104 -101 -72 +112 +103 -78 +125 -98 +121 -67 -70 +114 -113 -74 +91 +63 +69 -88 -93 +81 -64 +79 -68 +115 +107 +111 -100 -86 -120 +89 +99 -119 -77 +126 -96 -76 -97 +117 +75 -108 +118 +106 -84 -71 +92
+1 +2 +3 +4 +5 +6 +7 +8 +9 +10 +11 +12 +13 +14 +15 +16 +17 +18 +19 +20 +21 +22 +23 +24 +25 +26 +27 +28 +29 +30 +31 +32 +33 +34 +35 +36 +37 +38 +39 +40 +41 +42 +43 +44 +45 +46 +47 +48 +49 +50 +51 +52 +53 +54 +55 +56 +57 +58 +59 +60 +61 +62 -94 -95 -123 -83 +102 -66 -73 -122 -87 +110 -116 +65 -82 -109 +90 -124 +105 +85 +80 +104 -101 -72 +112 +103 -78 +125 -98 +121 -67 -70 +114 -113 -74 +91 +63 +69 -88 -93 +81 -64 +79 -68 +115 +107 +111 -100 -86 -120 +89 +99 -119 -77 +126 -96 -76 -97 +117 +75 -108 +118 +106 -84 -71 +92
+1 +2 +3 +4 +5 +6 +7 +8 +9 +10 +11 +12 +13 +14 +15 +16 +17 +18 +19 +20 +21 +22 +23 +24 +25 +26 +27 +28 +29 +30 +31 +32 +33 +34 +35 +36 +37 +38 +39 +40 +41 +42 +43 +44 +45 +46 +47 +48 +49 +50 +51 +52 +53 +54 +55 +56 +57 +58 +59 +60 +61 +62 -63 -91 +74 +113 -114 +70 +67 -121 +98 -125 +78 -103 -112 +72 +101 -104 -80 -85 -105 +124 -90 +109 +82 -65 +116 -110 +87 +122 +73 +66 -102 +83 +123 +95 +94 +69 -88 -93 +81 -64 +79 -68 +115 +107 +111 -100 -86 -120 +89 +99 -119 -77 +126 -96 -76 -97 +117 +75 -108 +118 +106 -84 -71 +92
+1 +2 +3 +4 +5 +6 +7 +8 +9 +10 +11 +12 +13 +14 +15 +16 +17 +18 +19 +20 +21 +22 +23 +24 +25 +26 +27 +28 +29 +30 +31 +32 +33 +34 +35 +36 +37 +38 +39 +40 +41 +42 +43 +44 +45 +46 +47 +48 +49 +50 +51 +52 +53 +54 +55 +56 +57 +58 +59 +60 +61 +62 +63 -91 +74 +113 -114 +70 +67 -121 +98 -125 +78 -103 -112 +72 +101 -104 -80 -85 -105 +124 -90 +109 +82 -65 +116 -110 +87 +122 +73 +66 -102 +83 +123 +95 +94 +69 -88 -93 +81 -64 +79 -68 +115 +107 +111 -100 -86 -120 +89 +99 -119 -77 +126 -96 -76 -97 +117 +75 -108 +118 +106 -84 -71 +92
+1 +2 +3 +4 +5 +6 +7 +8 +9 +10 +11 +12 +13 +14 +15 +16 +17 +18 +19 +20 +21 +22 +23 +24 +25 +26 +27 +28 +29 +30 +31 +32 +33 +34 +35 +36 +37 +38 +39 +40 +41 +42 +43 +44 +45 +46 +47 +48 +49 +50 +51 +52 +53 +54 +55 +56 +57 +58 +59 +60 +61 +62 +63 +64 -81 +93 +88 -69 -94 -95 -123 -83 +102 -66 -73 -122 -87 +110 -116 +65 -82 -109 +90 -124 +105 +85 +80 +104 -101 -72 +112 +103 -78 +125 -98 +121 -67 -70 +114 -113 -74 +91 +79 -68 +115 +107 +111 -100 -86 -120 +89 +99 -119 -77 +126 -96 -76 -97 +117 +75 -108 +118 +106 -84 -71 +92
+1 +2 +3 +4 +5 +6 +7 +8 +9 +10 +11 +12 +13 +14 +15 +16 +17 +18 +19 +20 +21 +22 +23 +24 +25 +26 +27 +28 +29 +30 +31 +32 +33 +34 +35 +36 +37 +38 +39 +40 +41 +42 +43 +44 +45 +46 +47 +48 +49 +50 +51 +52 +53 +54 +55 +56 +57 +58 +59 +60 +61 +62 +63 +64 -65 +116 -110 +87 +122 +73 +66 -102 +83 +123 +95 +94 +69 -88 -93 +81 -82 -109 +90 -124 +105 +85 +80 +104 -101 -72 +112 +103 -78 +125 -98 +121 -67 -70 +114 -113 -74 +91 +79 -68 +115 +107 +111 -100 -86 -120 +89 +99 -119 -77 +126 -96 -76 -97 +117 +75 -108 +118 +106 -84 -71 +92
+1 +2 +3 +4 +5 +6 +7 +8 +9 +10 +11 +12 +13 +14 +15 +16 +17 +18 +19 +20 +21 +22 +23 +24 +25 +26 +27 +28 +29 +30 +31 +32 +33 +34 +35 +36 +37 +38 +39 +40 +41 +42 +43 +44 +45 +46 +47 +48 +49 +50 +51 +52 +53 +54 +55 +56 +57 +58 +59 +60 +61 +62 +63 +64 +65 +116 -110 +87 +122 +73 +66 -102 +83 +123 +95 +94 +69 -88 -93 +81 -82 -109 +90 -124 +105 +85 +80 +104 -101 -72 +112 +103 -78 +125 -98 +121 -67 -70 +114 -113 -74 +91 +79 -68 +115 +107 +111 -100 -86 -120 +89 +99 -119 -77 +126 -96 -76 -97 +117 +75 -108 +118 +106 -84 -71 +92
+1 +2 +3 +4 +5 +6 +7 +8 +9 +10 +11 +12 +13 +14 +15 +16 +17 +18 +19 +20 +21 +22 +23 +24 +25 +26 +27 +28 +29 +30 +31 +32 +33 +34 +35 +36 +37 +38 +39 +40 +41 +42 +43 +44 +45 +46 +47 +48 +49 +50 +51 +52 +53 +54 +55 +56 +57 +58 +59 +60 +61 +62 +63 +64 +65 -66 -73 -122 -87 +110 -116 -102 +83 +123 +95 +94 +69 -88 -93 +81 -82 -109 +90 -124 +105 +85 +80 +104 -101 -72 +112 +103 -78 +125 -98 +121 -67 -70 +114 -113 -74 +91 +79 -68 +115 +107 +111 -100 -86 -120 +89 +99 -119 -77 +126 -96 -76 -97 +117 +75 -108 +118 +106 -84 -71 +92
+1 +2 +3 +4 +5 +6 +7 +8 +9 +10 +11 +12 +13 +14 +15 +16 +17 +18 +19 +20 +21 +22 +23 +24 +25 +26 +27 +28 +29 +30 +31 +32 +33 +34 +35 +36 +37 +38 +39 +40 +41 +42 +43 +44 +45 +46 +47 +48 +49 +50 +51 +52 +53 +54 +55 +56 +57 +58 +59 +60 +61 +62 +63 +64 +65 +66 -73 -122 -87 +110 -116 -102 +83 +123 +95 +94 +69 -88 -93 +81 -82 -109 +90 -124 +105 +85 +80 +104 -101 -72 +112 +103 -78 +125 -98 +121 -67 -70 +114 -113 -74 +91 +79 -68 +115 +107 +111 -100 -86 -120 +89 +99 -119 -77 +126 -96 -76 -97 +117 +75 -108 +118 +106 -84 -71 +92
+1 +2 +3 +4 +5 +6 +7 +8 +9 +10 +11 +12 +13 +14 +15 +16 +17 +18 +19 +20 +21 +22 +23 +24 +25 +26 +27 +28 +29 +30 +31 +32 +33 +34 +35 +36 +37 +38 +39 +40 +41 +42 +43 +44 +45 +46 +47 +48 +49 +50 +51 +52 +53 +54 +55 +56 +57 +58 +59 +60 +61 +62 +63 +64 +65 +66 +67 -121 +98 -125 +78 -103 -112 +72 +101 -104 -80 -85 -105 +124 -90 +109 +82 -81 +93 +88 -69 -94 -95 -123 -83 +102 +116 -110 +87 +122 +73 -70 +114 -113 -74 +91 +79 -68 +115 +107 +111 -100 -86 -120 +89 +99 -119 -77 +126 -96 -76 -97 +117 +75 -108 +118 +106 -84 -71 +92
+1 +2 +3 +4 +5 +6 +7 +8 +9 +10 +11 +12 +13 +14 +15 +16 +17 +18 +19 +20 +21 +22 +23 +24 +25 +26 +27 +28 +29 +30 +31 +32 +33 +34 +35 +36 +37 +38 +39 +40 +41 +42 +43 +44 +45 +46 +47 +48 +49 +50 +51 +52 +53 +54 +55 +56 +57 +58 +59 +60 +61 +62 +63 +64 +65 +66 +67 +68 -79 -91 +74 +113 -114 +70 -73 -122 -87 +110 -116 -102 +83 +123 +95 +94 +69 -88 -93 +81 -82 -109 +90 -124 +105 +85 +80 +104 -101 -72 +112 +103 -78 +125 -98 +121 +115 +107 +111 -100 -86 -120 +89 +99 -119 -77 +126 -96 -76 -97 +117 +75 -108 +118 +106 -84 -71 +92
+1 +2 +3 +4 +5 +6 +7 +8 +9 +10 +11 +12 +13 +14 +15 +16 +17 +18 +19 +20 +21 +22 +23 +24 +25 +26 +27 +28 +29 +30 +31 +32 +33 +34 +35 +36 +37 +38 +39 +40 +41 +42 +43 +44 +45 +46 +47 +48 +49 +50 +51 +52 +53 +54 +55 +56 +57 +58 +59 +60 +61 +62 +63 +64 +65 +66 +67 +68 -69 -94 -95 -123 -83 +102 +116 -110 +87 +122 +73 -70 +114 -113 -74 +91 +79 -88 -93 +81 -82 -109 +90 -124 +105 +85 +80 +104 -101 -72 +112 +103 -78 +125 -98 +121 +115 +107 +111 -100 -86 -120 +89 +99 -119 -77 +126 -96 -76 -97 +117 +75 -108 +118 +106 -84 -71 +92
+1 +2 +3 +4 +5 +6 +7 +8 +9 +10 +11 +12 +13 +14 +15 +16 +17 +18 +19 +20 +21 +22 +23 +24 +25 +26 +27 +28 +29 +30 +31 +32 +33 +34 +35 +36 +37 +38 +39 +40 +41 +42 +43 +44 +45 +46 +47 +48 +49 +50 +51 +52 +53 +54 +55 +56 +57 +58 +59 +60 +61 +62 +63 +64 +65 +66 +67 +68 +69 -94 -95 -123 -83 +102 +116 -110 +87 +122 +73 -70 +114 -113 -74 +91 +79 -88 -93 +81 -82 -109 +90 -124 +105 +85 +80 +104 -101 -72 +112 +103 -78 +125 -98 +121 +115 +107 +111 -100 -86 -120 +89 +99 -119 -77 +126 -96 -76 -97 +117 +75 -108 +118 +106 -84 -71 +92
+1 +2 +3 +4 +5 +6 +7 +8 +9 +10 +11 +12 +13 +14 +15 +16 +17 +18 +19 +20 +21 +22 +23 +24 +25 +26 +27 +28 +29 +30 +31 +32 +33 +34 +35 +36 +37 +38 +39 +40 +41 +42 +43 +44 +45 +46 +47 +48 +49 +50 +51 +52 +53 +54 +55 +56 +57 +58 +59 +60 +61 +62 +63 +64 +65 +66 +67 +68 +69 +70 -73 -122 -87 +110 -116 -102 +83 +123 +95 +94 +114 -113 -74 +91 +79 -88 -93 +81 -82 -109 +90 -124 +105 +85 +80 +104 -101 -72 +112 +103 -78 +125 -98 +121 +115 +107 +111 -100 -86 -120 +89 +99 -119 -77 +126 -96 -76 -97 +117 +75 -108 +118 +106 -84 -71 +92
+1 +2 +3 +4 +5 +6 +7 +8 +9 +10 +11 +12 +13 +14 +15 +16 +17 +18 +19 +20 +21 +22 +23 +24 +25 +26 +27 +28 +29 +30 +31 +32 +33 +34 +35 +36 +37 +38 +39 +40 +41 +42 +43 +44 +45 +46 +47 +48 +49 +50 +51 +52 +53 +54 +55 +56 +57 +58 +59 +60 +61 +62 +63 +64 +65 +66 +67 +68 +69 +70 +71 +84 -106 -118 +108 -75 -117 +97 +76 +96 -126 +77 +119 -99 -89 +120 +86 +100 -111 -107 -115 -121 +98 -125 +78 -103 -112 +72 +101 -104 -80 -85 -105 +124 -90 +109 +82 -81 +93 +88 -79 -91 +74 +113 -114 -94 -95 -123 -83 +102 +116 -110 +87 +122 +73 +92
+1 +2 +3 +4 +5 +6 +7 +8 +9 +10 +11 +12 +13 +14 +15 +16 +17 +18 +19 +20 +21 +22 +23 +24 +25 +26 +27 +28 +29 +30 +31 +32 +33 +34 +35 +36 +37 +38 +39 +40 +41 +42 +43 +44 +45 +46 +47 +48 +49 +50 +51 +52 +53 +54 +55 +56 +57 +58 +59 +60 +61 +62 +63 +64 +65 +66 +67 +68 +69 +70 +71 -72 +112 +103 -78 +125 -98 +121 +115 +107 +111 -100 -86 -120 +89 +99 -119 -77 +126 -96 -76 -97 +117 +75 -108 +118 +106 -84 +101 -104 -80 -85 -105 +124 -90 +109 +82 -81 +93 +88 -79 -91 +74 +113 -114 -94 -95 -123 -83 +102 +116 -110 +87 +122 +73 +92
+1 +2 +3 +4 +5 +6 +7 +8 +9 +10 +11 +12 +13 +14 +15 +16 +17 +18 +19 +20 +21 +22 +23 +24 +25 +26 +27 +28 +29 +30 +31 +32 +33 +34 +35 +36 +37 +38 +39 +40 +41 +42 +43 +44 +45 +46 +47 +48 +49 +50 +51 +52 +53 +54 +55 +56 +57 +58 +59 +60 +61 +62 +63 +64 +65 +66 +67 +68 +69 +70 +71 +72 +112 +103 -78 +125 -98 +121 +115 +107 +111 -100 -86 -120 +89 +99 -119 -77 +126 -96 -76 -97 +117 +75 -108 +118 +106 -84 +101 -104 -80 -85 -105 +124 -90 +109 +82 -81 +93 +88 -79 -91 +74 +113 -114 -94 -95 -123 -83 +102 +116 -110 +87 +122 +73 +92
+1 +2 +3 +4 +5 +6 +7 +8 +9 +10 +11 +12 +13 +14 +15 +16 +17 +18 +19 +20 +21 +22 +23 +24 +25 +26 +27 +28 +29 +30 +31 +32 +33 +34 +35 +36 +37 +38 +39 +40 +41 +42 +43 +44 +45 +46 +47 +48 +49 +50 +51 +52 +53 +54 +55 +56 +57 +58 +59 +60 +61 +62 +63 +64 +65 +66 +67 +68 +69 +70 +71 +72 -73 -122 -87 +110 -116 -102 +83 +123 +95 +94 +114 -113 -74 +91 +79 -88 -93 +81 -82 -109 +90 -124 +105 +85 +80 +104 -101 +84 -106 -118 +108 -75 -117 +97 +76 +96 -126 +77 +119 -99 -89 +120 +86 +100 -111 -107 -115 -121 +98 -125 +78 -103 -112 +92
+1 +2 +3 +4 +5 +6 +7 +8 +9 +10 +11 +12 +13 +14 +15 +16 +17 +18 +19 +20 +21 +22 +23 +24 +25 +26 +27 +28 +29 +30 +31 +32 +33 +34 +35 +36 +37 +38 +39 +40 +41 +42 +43 +44 +45 +46 +47 +48 +49 +50 +51 +52 +53 +54 +55 +56 +57 +58 +59 +60 +61 +62 +63 +64 +65 +66 +67 +68 +69 +70 +71 +72 +73 -122 -87 +110 -116 -102 +83 +123 +95 +94 +114 -113 -74 +91 +79 -88 -93 +81 -82 -109 +90 -124 +105 +85 +80 +104 -101 +84 -106 -118 +108 -75 -117 +97 +76 +96 -126 +77 +119 -99 -89 +120 +86 +100 -111 -107 -115 -121 +98 -125 +78 -103 -112 +92
+1 +2 +3 +4 +5 +6 +7 +8 +9 +10 +11 +12 +13 +14 +15 +16 +17 +18 +19 +20 +21 +22 +23 +24 +25 +26 +27 +28 +29 +30 +31 +32 +33 +34 +35 +36 +37 +38 +39 +40 +41 +42 +43 +44 +45 +46 +47 +48 +49 +50 +51 +52 +53 +54 +55 +56 +57 +58 +59 +60 +61 +62 +63 +64 +65 +66 +67 +68 +69 +70 +71 +72 +73 +74 +113 -114 -94 -95 -123 -83 +102 +116 -110 +87 +122 +91 +79 -88 -93 +81 -82 -109 +90 -124 +105 +85 +80 +104 -101 +84 -106 -118 +108 -75 -117 +97 +76 +96 -126 +77 +119 -99 -89 +120 +86 +100 -111 -107 -115 -121 +98 -125 +78 -103 -112 +92
+1 +2 +3 +4 +5 +6 +7 +8 +9 +10 +11 +12 +13 +14 +15 +16 +17 +18 +19 +20 +21 +22 +23 +24 +25 +26 +27 +28 +29 +30 +31 +32 +33 +34 +35 +36 +37 +38 +39 +40 +41 +42 +43 +44 +45 +46 +47 +48 +49 +50 +51 +52 +53 +54 +55 +56 +57 +58 +59 +60 +61 +62 +63 +64 +65 +66 +67 +68 +69 +70 +71 +72 +73 +74 +75 -108 +118 +106 -84 +101 -104 -80 -85 -105 +124 -90 +109 +82 -81 +93 +88 -79 -91 -122 -87 +110 -116 -102 +83 +123 +95 +94 +114 -113 -117 +97 +76 +96 -126 +77 +119 -99 -89 +120 +86 +100 -111 -107 -115 -121 +98 -125 +78 -103 -112 +92
+1 +2 +3 +4 +5 +6 +7 +8 +9 +10 +11 +12 +13 +14 +15 +16 +17 +18 +19 +20 +21 +22 +23 +24 +25 +26 +27 +28 +29 +30 +31 +32 +33 +34 +35 +36 +37 +38 +39 +40 +41 +42 +43 +44 +45 +46 +47 +48 +49 +50 +51 +52 +53 +54 +55 +56 +57 +58 +59 +60 +61 +62 +63 +64 +65 +66 +67 +68 +69 +70 +71 +72 +73 +74 +75 -76 -97 +117 +113 -114 -94 -95 -123 -83 +102 +116 -110 +87 +122 +91 +79 -88 -93 +81 -82 -109 +90 -124 +105 +85 +80 +104 -101 +84 -106 -118 +108 +96 -126 +77 +119 -99 -89 +120 +86 +100 -111 -107 -115 -121 +98 -125 +78 -103 -112 +92
+1 +2 +3 +4 +5 +6 +7 +8 +9 +10 +11 +12 +13 +14 +15 +16 +17 +18 +19 +20 +21 +22 +23 +24 +25 +26 +27 +28 +29 +30 +31 +32 +33 +34 +35 +36 +37 +38 +39 +40 +41 +42 +43 +44 +45 +46 +47 +48 +49 +50 +51 +52 +53 +54 +55 +56 +57 +58 +59 +60 +61 +62 +63 +64 +65 +66 +67 +68 +69 +70 +71 +72 +73 +74 +75 +76 -97 +117 +113 -114 -94 -95 -123 -83 +102 +116 -110 +87 +122 +91 +79 -88 -93 +81 -82 -109 +90 -124 +105 +85 +80 +104 -101 +84 -106 -118 +108 +96 -126 +77 +119 -99 -89 +120 +86 +100 -111 -107 -115 -121 +98 -125 +78 -103 -112 +92
+1 +2 +3 +4 +5 +6 +7 +8 +9 +10 +11 +12 +13 +14 +15 +16 +17 +18 +19 +20 +21 +22 +23 +24 +25 +26 +27 +28 +29 +30 +31 +32 +33 +34 +35 +36 +37 +38 +39 +40 +41 +42 +43 +44 +45 +46 +47 +48 +49 +50 +51 +52 +53 +54 +55 +56 +57 +58 +59 +60 +61 +62 +63 +64 +65 +66 +67 +68 +69 +70 +71 +72 +73 +74 +75 +76 -77 +126 -96 -108 +118 +106 -84 +101 -104 -80 -85 -105 +124 -90 +109 +82 -81 +93 +88 -79 -91 -122 -87 +110 -116 -102 +83 +123 +95 +94 +114 -113 -117 +97 +119 -99 -89 +120 +86 +100 -111 -107 -115 -121 +98 -125 +78 -103 -112 +92
+1 +2 +3 +4 +5 +6 +7 +8 +9 +10 +11 +12 +13 +14 +15 +16 +17 +18 +19 +20 +21 +22 +23 +24 +25 +26 +27 +28 +29 +30 +31 +32 +33 +34 +35 +36 +37 +38 +39 +40 +41 +42 +43 +44 +45 +46 +47 +48 +49 +50 +51 +52 +53 +54 +55 +56 +57 +58 +59 +60 +61 +62 +63 +64 +65 +66 +67 +68 +69 +70 +71 +72 +73 +74 +75 +76 +77 +126 -96 -108 +118 +106 -84 +101 -104 -80 -85 -105 +124 -90 +109 +82 -81 +93 +88 -79 -91 -122 -87 +110 -116 -102 +83 +123 +95 +94 +114 -113 -117 +97 +119 -99 -89 +120 +86 +100 -111 -107 -115 -121 +98 -125 +78 -103 -112 +92
+1 +2 +3 +4 +5 +6 +7 +8 +9 +10 +11 +12 +13 +14 +15 +16 +17 +18 +19 +20 +21 +22 +23 +24 +25 +26 +27 +28 +29 +30 +31 +32 +33 +34 +35 +36 +37 +38 +39 +40 +41 +42 +43 +44 +45 +46 +47 +48 +49 +50 +51 +52 +53 +54 +55 +56 +57 +58 +59 +60 +61 +62 +63 +64 +65 +66 +67 +68 +69 +70 +71 +72 +73 +74 +75 +76 +77 -78 +125 -98 +121 +115 +107 +111 -100 -86 -120 +89 +99 -119 -97 +117 +113 -114 -94 -95 -123 -83 +102 +116 -110 +87 +122 +91 +79 -88 -93 +81 -82 -109 +90 -124 +105 +85 +80 +104 -101 +84 -106 -118 +108 +96 -126 -103 -112 +92
+1 +2 +3 +4 +5 +6 +7 +8 +9 +10 +11 +12 +13 +14 +15 +16 +17 +18 +19 +20 +21 +22 +23 +24 +25 +26 +27 +28 +29 +30 +31 +32 +33 +34 +35 +36 +37 +38 +39 +40 +41 +42 +43 +44 +45 +46 +47 +48 +49 +50 +51 +52 +53 +54 +55 +56 +57 +58 +59 +60 +61 +62 +63 +64 +65 +66 +67 +68 +69 +70 +71 +72 +73 +74 +75 +76 +77 +78 +125 -98 +121 +115 +107 +111 -100 -86 -120 +89 +99 -119 -97 +117 +113 -114 -94 -95 -123 -83 +102 +116 -110 +87 +122 +91 +79 -88 -93 +81 -82 -109 +90 -124 +105 +85 +80 +104 -101 +84 -106 -118 +108 +96 -126 -103 -112 +92
+1 +2 +3 +4 +5 +6 +7 +8 +9 +10 +11 +12 +13 +14 +15 +16 +17 +18 +19 +20 +21 +22 +23 +24 +25 +26 +27 +28 +29 +30 +31 +32 +33 +34 +35 +36 +37 +38 +39 +40 +41 +42 +43 +44 +45 +46 +47 +48 +49 +50 +51 +52 +53 +54 +55 +56 +57 +58 +59 +60 +61 +62 +63 +64 +65 +66 +67 +68 +69 +70 +71 +72 +73 +74 +75 +76 +77 +78 -79 -91 -122 -87 +110 -116 -102 +83 +123 +95 +94 +114 -113 -117 +97 +119 -99 -89 +120 +86 +100 -111 -107 -115 -121 +98 -125 -88 -93 +81 -82 -109 +90 -124 +105 +85 +80 +104 -101 +84 -106 -118 +108 +96 -126 -103 -112 +92
+1 +2 +3 +4 +5 +6 +7 +8 +9 +10 +11 +12 +13 +14 +15 +16 +17 +18 +19 +20 +21 +22 +23 +24 +25 +26 +27 +28 +29 +30 +31 +32 +33 +34 +35 +36 +37 +38 +39 +40 +41 +42 +43 +44 +45 +46 +47 +48 +49 +50 +51 +52 +53 +54 +55 +56 +57 +58 +59 +60 +61 +62 +63 +64 +65 +66 +67 +68 +69 +70 +71 +72 +73 +74 +75 +76 +77 +78 +79 -91 -122 -87 +110 -116 -102 +83 +123 +95 +94 +114 -113 -117 +97 +119 -99 -89 +120 +86 +100 -111 -107 -115 -121 +98 -125 -88 -93 +81 -82 -109 +90 -124 +105 +85 +80 +104 -101 +84 -106 -118 +108 +96 -126 -103 -112 +92
+1 +2 +3 +4 +5 +6 +7 +8 +9 +10 +11 +12 +13 +14 +15 +16 +17 +18 +19 +20 +21 +22 +23 +24 +25 +26 +27 +28 +29 +30 +31 +32 +33 +34 +35 +36 +37 +38 +39 +40 +41 +42 +43 +44 +45 +46 +47 +48 +49 +50 +51 +52 +53 +54 +55 +56 +57 +58 +59 +60 +61 +62 +63 +64 +65 +66 +67 +68 +69 +70 +71 +72 +73 +74 +75 +76 +77 +78 +79 -80 -85 -105 +124 -90 +109 +82 -81 +93 +88 +125 -98 +121 +115 +107 +111 -100 -86 -120 +89 +99 -119 -97 +117 +113 -114 -94 -95 -123 -83 +102 +116 -110 +87 +122 +91 +104 -101 +84 -106 -118 +108 +96 -126 -103 -112 +92
+1 +2 +3 +4 +5 +6 +7 +8 +9 +10 +11 +12 +13 +14 +15 +16 +17 +18 +19 +20 +21 +22 +23 +24 +25 +26 +27 +28 +29 +30 +31 +32 +33 +34 +35 +36 +37 +38 +39 +40 +41 +42 +43 +44 +45 +46 +47 +48 +49 +50 +51 +52 +53 +54 +55 +56 +57 +58 +59 +60 +61 +62 +63 +64 +65 +66 +67 +68 +69 +70 +71 +72 +73 +74 +75 +76 +77 +78 +79 +80 -85 -105 +124 -90 +109 +82 -81 +93 +88 +125 -98 +121 +115 +107 +111 -100 -86 -120 +89 +99 -119 -97 +117 +113 -114 -94 -95 -123 -83 +102 +116 -110 +87 +122 +91 +104 -101 +84 -106 -118 +108 +96 -126 -103 -112 +92
+1 +2 +3 +4 +5 +6 +7 +8 +9 +10 +11 +12 +13 +14 +15 +16 +17 +18 +19 +20 +21 +22 +23 +24 +25 +26 +27 +28 +29 +30 +31 +32 +33 +34 +35 +36 +37 +38 +39 +40 +41 +42 +43 +44 +45 +46 +47 +48 +49 +50 +51 +52 +53 +54 +55 +56 +57 +58 +59 +60 +61 +62 +63 +64 +65 +66 +67 +68 +69 +70 +71 +72 +73 +74 +75 +76 +77 +78 +79 +80 +81 -82 -109 +90 -124 +105 +85 +93 +88 +125 -98 +121 +115 +107 +111 -100 -86 -120 +89 +99 -119 -97 +117 +113 -114 -94 -95 -123 -83 +102 +116 -110 +87 +122 +91 +104 -101 +84 -106 -118 +108 +96 -126 -103 -112 +92
+1 +2 +3 +4 +5 +6 +7 +8 +9 +10 +11 +12 +13 +14 +15 +16 +17 +18 +19 +20 +21 +22 +23 +24 +25 +26 +27 +28 +29 +30 +31 +32 +33 +34 +35 +36 +37 +38 +39 +40 +41 +42 +43 +44 +45 +46 +47 +48 +49 +50 +51 +52 +53 +54 +55 +56 +57 +58 +59 +60 +61 +62 +63 +64 +65 +66 +67 +68 +69 +70 +71 +72 +73 +74 +75 +76 +77 +78 +79 +80 +81 +82 -109 +90 -124 +105 +85 +93 +88 +125 -98 +121 +115 +107 +111 -100 -86 -120 +89 +99 -119 -97 +117 +113 -114 -94 -95 -123 -83 +102 +116 -110 +87 +122 +91 +104 -101 +84 -106 -118 +108 +96 -126 -103 -112 +92
+1 +2 +3 +4 +5 +6 +7 +8 +9 +10 +11 +12 +13 +14 +15 +16 +17 +18 +19 +20 +21 +22 +23 +24 +25 +26 +27 +28 +29 +30 +31 +32 +33 +34 +35 +36 +37 +38 +39 +40 +41 +42 +43 +44 +45 +46 +47 +48 +49 +50 +51 +52 +53 +54 +55 +56 +57 +58 +59 +60 +61 +62 +63 +64 +65 +66 +67 +68 +69 +70 +71 +72 +73 +74 +75 +76 +77 +78 +79 +80 +81 +82 +83 +123 +95 +94 +114 -113 -117 +97 +119 -99 -89 +120 +86 +100 -111 -107 -115 -121 +98 -125 -88 -93 -85 -105 +124 -90 +109 +102 +116 -110 +87 +122 +91 +104 -101 +84 -106 -118 +108 +96 -126 -103 -112 +92
+1 +2 +3 +4 +5 +6 +7 +8 +9 +10 +11 +12 +13 +14 +15 +16 +17 +18 +19 +20 +21 +22 +23 +24 +25 +26 +27 +28 +29 +30 +31 +32 +33 +34 +35 +36 +37 +38 +39 +40 +41 +42 +43 +44 +45 +46 +47 +48 +49 +50 +51 +52 +53 +54 +55 +56 +57 +58 +59 +60 +61 +62 +63 +64 +65 +66 +67 +68 +69 +70 +71 +72 +73 +74 +75 +76 +77 +78 +79 +80 +81 +82 +83 -84 +101 -104 -91 -122 -87 +110 -116 -102 -109 +90 -124 +105 +85 +93 +88 +125 -98 +121 +115 +107 +111 -100 -86 -120 +89 +99 -119 -97 +117 +113 -114 -94 -95 -123 -106 -118 +108 +96 -126 -103 -112 +92
+1 +2 +3 +4 +5 +6 +7 +8 +9 +10 +11 +12 +13 +14 +15 +16 +17 +18 +19 +20 +21 +22 +23 +24 +25 +26 +27 +28 +29 +30 +31 +32 +33 +34 +35 +36 +37 +38 +39 +40 +41 +42 +43 +44 +45 +46 +47 +48 +49 +50 +51 +52 +53 +54 +55 +56 +57 +58 +59 +60 +61 +62 +63 +64 +65 +66 +67 +68 +69 +70 +71 +72 +73 +74 +75 +76 +77 +78 +79 +80 +81 +82 +83 +84 +101 -104 -91 -122 -87 +110 -116 -102 -109 +90 -124 +105 +85 +93 +88 +125 -98 +121 +115 +107 +111 -100 -86 -120 +89 +99 -119 -97 +117 +113 -114 -94 -95 -123 -106 -118 +108 +96 -126 -103 -112 +92
+1 +2 +3 +4 +5 +6 +7 +8 +9 +10 +11 +12 +13 +14 +15 +16 +17 +18 +19 +20 +21 +22 +23 +24 +25 +26 +27 +28 +29 +30 +31 +32 +33 +34 +35 +36 +37 +38 +39 +40 +41 +42 +43 +44 +45 +46 +47 +48 +49 +50 +51 +52 +53 +54 +55 +56 +57 +58 +59 +60 +61 +62 +63 +64 +65 +66 +67 +68 +69 +70 +71 +72 +73 +74 +75 +76 +77 +78 +79 +80 +81 +82 +83 +84 -85 -105 +124 -90 +109 +102 +116 -110 +87 +122 +91 +104 -101 +93 +88 +125 -98 +121 +115 +107 +111 -100 -86 -120 +89 +99 -119 -97 +117 +113 -114 -94 -95 -123 -106 -118 +108 +96 -126 -103 -112 +92
+1 +2 +3 +4 +5 +6 +7 +8 +9 +10 +11 +12 +13 +14 +15 +16 +17 +18 +19 +20 +21 +22 +23 +24 +25 +26 +27 +28 +29 +30 +31 +32 +33 +34 +35 +36 +37 +38 +39 +40 +41 +42 +43 +44 +45 +46 +47 +48 +49 +50 +51 +52 +53 +54 +55 +56 +57 +58 +59 +60 +61 +62 +63 +64 +65 +66 +67 +68 +69 +70 +71 +72 +73 +74 +75 +76 +77 +78 +79 +80 +81 +82 +83 +84 +85 -105 +124 -90 +109 +102 +116 -110 +87 +122 +91 +104 -101 +93 +88 +125 -98 +121 +115 +107 +111 -100 -86 -120 +89 +99 -119 -97 +117 +113 -114 -94 -95 -123 -106 -118 +108 +96 -126 -103 -112 +92
+1 +2 +3 +4 +5 +6 +7 +8 +9 +10 +11 +12 +13 +14 +15 +16 +17 +18 +19 +20 +21 +22 +23 +24 +25 +26 +27 +28 +29 +30 +31 +32 +33 +34 +35 +36 +37 +38 +39 +40 +41 +42 +43 +44 +45 +46 +47 +48 +49 +50 +51 +52 +53 +54 +55 +56 +57 +58 +59 +60 +61 +62 +63 +64 +65 +66 +67 +68 +69 +70 +71 +72 +73 +74 +75 +76 +77 +78 +79 +80 +81 +82 +83 +84 +85 +86 +100 -111 -107 -115 -121 +98 -125 -88 -93 +101 -104 -91 -122 -87 +110 -116 -102 -109 +90 -124 +105 -120 +89 +99 -119 -97 +117 +113 -114 -94 -95 -123 -106 -118 +108 +96 -126 -103 -112 +92
+1 +2 +3 +4 +5 +6 +7 +8 +9 +10 +11 +12 +13 +14 +15 +16 +17 +18 +19 +20 +21 +22 +23 +24 +25 +26 +27 +28 +29 +30 +31 +32 +33 +34 +35 +36 +37 +38 +39 +40 +41 +42 +43 +44 +45 +46 +47 +48 +49 +50 +51 +52 +53 +54 +55 +56 +57 +58 +59 +60 +61 +62 +63 +64 +65 +66 +67 +68 +69 +70 +71 +72 +73 +74 +75 +76 +77 +78 +79 +80 +81 +82 +83 +84 +85 +86 +87 +122 +91 +104 -101 +93 +88 +125 -98 +121 +115 +107 +111 -100 +110 -116 -102 -109 +90 -124 +105 -120 +89 +99 -119 -97 +117 +113 -114 -94 -95 -123 -106 -118 +108 +96 -126 -103 -112 +92
+1 +2 +3 +4 +5 +6 +7 +8 +9 +10 +11 +12 +13 +14 +15 +16 +17 +18 +19 +20 +21 +22 +23 +24 +25 +26 +27 +28 +29 +30 +31 +32 +33 +34 +35 +36 +37 +38 +39 +40 +41 +42 +43 +44 +45 +46 +47 +48 +49 +50 +51 +52 +53 +54 +55 +56 +57 +58 +59 +60 +61 +62 +63 +64 +65 +66 +67 +68 +69 +70 +71 +72 +73 +74 +75 +76 +77 +78 +79 +80 +81 +82 +83 +84 +85 +86 +87 -88 -93 +101 -104 -91 -122 +125 -98 +121 +115 +107 +111 -100 +110 -116 -102 -109 +90 -124 +105 -120 +89 +99 -119 -97 +117 +113 -114 -94 -95 -123 -106 -118 +108 +96 -126 -103 -112 +92
+1 +2 +3 +4 +5 +6 +7 +8 +9 +10 +11 +12 +13 +14 +15 +16 +17 +18 +19 +20 +21 +22 +23 +24 +25 +26 +27 +28 +29 +30 +31 +32 +33 +34 +35 +36 +37 +38 +39 +40 +41 +42 +43 +44 +45 +46 +47 +48 +49 +50 +51 +52 +53 +54 +55 +56 +57 +58 +59 +60 +61 +62 +63 +64 +65 +66 +67 +68 +69 +70 +71 +72 +73 +74 +75 +76 +77 +78 +79 +80 +81 +82 +83 +84 +85 +86 +87 +88 -93 +101 -104 -91 -122 +125 -98 +121 +115 +107 +111 -100 +110 -116 -102 -109 +90 -124 +105 -120 +89 +99 -119 -97 +117 +113 -114 -94 -95 -123 -106 -118 +108 +96 -126 -103 -112 +92
+1 +2 +3 +4 +5 +6 +7 +8 +9 +10 +11 +12 +13 +14 +15 +16 +17 +18 +19 +20 +21 +22 +23 +24 +25 +26 +27 +28 +29 +30 +31 +32 +33 +34 +35 +36 +37 +38 +39 +40 +41 +42 +43 +44 +45 +46 +47 +48 +49 +50 +51 +52 +53 +54 +55 +56 +57 +58 +59 +60 +61 +62 +63 +64 +65 +66 +67 +68 +69 +70 +71 +72 +73 +74 +75 +76 +77 +78 +79 +80 +81 +82 +83 +84 +85 +86 +87 +88 -89 +120 -105 +124 -90 +109 +102 +116 -110 +100 -111 -107 -115 -121 +98 -125 +122 +91 +104 -101 +93 +99 -119 -97 +117 +113 -114 -94 -95 -123 -106 -118 +108 +96 -126 -103 -112 +92
+1 +2 +3 +4 +5 +6 +7 +8 +9 +10 +11 +12 +13 +14 +15 +16 +17 +18 +19 +20 +21 +22 +23 +24 +25 +26 +27 +28 +29 +30 +31 +32 +33 +34 +35 +36 +37 +38 +39 +40 +41 +42 +43 +44 +45 +46 +47 +48 +49 +50 +51 +52 +53 +54 +55 +56 +57 +58 +59 +60 +61 +62 +63 +64 +65 +66 +67 +68 +69 +70 +71 +72 +73 +74 +75 +76 +77 +78 +79 +80 +81 +82 +83 +84 +85 +86 +87 +88 +89 +120 -105 +124 -90 +109 +102 +116 -110 +100 -111 -107 -115 -121 +98 -125 +122 +91 +104 -101 +93 +99 -119 -97 +117 +113 -114 -94 -95 -123 -106 -118 +108 +96 -126 -103 -112 +92
+1 +2 +3 +4 +5 +6 +7 +8 +9 +10 +11 +12 +13 +14 +15 +16 +17 +18 +19 +20 +21 +22 +23 +24 +25 +26 +27 +28 +29 +30 +31 +32 +33 +34 +35 +36 +37 +38 +39 +40 +41 +42 +43 +44 +45 +46 +47 +48 +49 +50 +51 +52 +53 +54 +55 +56 +57 +58 +59 +60 +61 +62 +63 +64 +65 +66 +67 +68 +69 +70 +71 +72 +73 +74 +75 +76 +77 +78 +79 +80 +81 +82 +83 +84 +85 +86 +87 +88 +89 +90 -124 +105 -120 +109 +102 +116 -110 +100 -111 -107 -115 -121 +98 -125 +122 +91 +104 -101 +93 +99 -119 -97 +117 +113 -114 -94 -95 -123 -106 -118 +108 +96 -126 -103 -112 +92
+1 +2 +3 +4 +5 +6 +7 +8 +9 +10 +11 +12 +13 +14 +15 +16 +17 +18 +19 +20 +21 +22 +23 +24 +25 +26 +27 +28 +29 +30 +31 +32 +33 +34 +35 +36 +37 +38 +39 +40 +41 +42 +43 +44 +45 +46 +47 +48 +49 +50 +51 +52 +53 +54 +55 +56 +57 +58 +59 +60 +61 +62 +63 +64 +65 +66 +67 +68 +69 +70 +71 +72 +73 +74 +75 +76 +77 +78 +79 +80 +81 +82 +83 +84 +85 +86 +87 +88 +89 +90 -91 -122 +125 -98 +121 +115 +107 +111 -100 +110 -116 -102 -109 +120 -105 +124 +104 -101 +93 +99 -119 -97 +117 +113 -114 -94 -95 -123 -106 -118 +108 +96 -126 -103 -112 +92
+1 +2 +3 +4 +5 +6 +7 +8 +9 +10 +11 +12 +13 +14 +15 +16 +17 +18 +19 +20 +21 +22 +23 +24 +25 +26 +27 +28 +29 +30 +31 +32 +33 +34 +35 +36 +37 +38 +39 +40 +41 +42 +43 +44 +45 +46 +47 +48 +49 +50 +51 +52 +53 +54 +55 +56 +57 +58 +59 +60 +61 +62 +63 +64 +65 +66 +67 +68 +69 +70 +71 +72 +73 +74 +75 +76 +77 +78 +79 +80 +81 +82 +83 +84 +85 +86 +87 +88 +89 +90 +91 -122 +125 -98 +121 +115 +107 +111 -100 +110 -116 -102 -109 +120 -105 +124 +104 -101 +93 +99 -119 -97 +117 +113 -114 -94 -95 -123 -106 -118 +108 +96 -126 -103 -112 +92
+1 +2 +3 +4 +5 +6 +7 +8 +9 +10 +11 +12 +13 +14 +15 +16 +17 +18 +19 +20 +21 +22 +23 +24 +25 +26 +27 +28 +29 +30 +31 +32 +33 +34 +35 +36 +37 +38 +39 +40 +41 +42 +43 +44 +45 +46 +47 +48 +49 +50 +51 +52 +53 +54 +55 +56 +57 +58 +59 +60 +61 +62 +63 +64 +65 +66 +67 +68 +69 +70 +71 +72 +73 +74 +75 +76 +77 +78 +79 +80 +81 +82 +83 +84 +85 +86 +87 +88 +89 +90 +91 -92 +112 +103 +126 -96 -108 +118 +106 +123 +95 +94 +114 -113 -117 +97 +119 -99 -93 +101 -104 -124 +105 -120 +109 +102 +116 -110 +100 -111 -107 -115 -121 +98 -125 +122
+1 +2 +3 +4 +5 +6 +7 +8 +9 +10 +11 +12 +13 +14 +15 +16 +17 +18 +19 +20 +21 +22 +23 +24 +25 +26 +27 +28 +29 +30 +31 +32 +33 +34 +35 +36 +37 +38 +39 +40 +41 +42 +43 +44 +45 +46 +47 +48 +49 +50 +51 +52 +53 +54 +55 +56 +57 +58 +59 +60 +61 +62 +63 +64 +65 +66 +67 +68 +69 +70 +71 +72 +73 +74 +75 +76 +77 +78 +79 +80 +81 +82 +83 +84 +85 +86 +87 +88 +89 +90 +91 +92 +112 +103 +126 -96 -108 +118 +106 +123 +95 +94 +114 -113 -117 +97 +119 -99 -93 +101 -104 -124 +105 -120 +109 +102 +116 -110 +100 -111 -107 -115 -121 +98 -125 +122
+1 +2 +3 +4 +5 +6 +7 +8 +9 +10 +11 +12 +13 +14 +15 +16 +17 +18 +19 +20 +21 +22 +23 +24 +25 +26 +27 +28 +29 +30 +31 +32 +33 +34 +35 +36 +37 +38 +39 +40 +41 +42 +43 +44 +45 +46 +47 +48 +49 +50 +51 +52 +53 +54 +55 +56 +57 +58 +59 +60 +61 +62 +63 +64 +65 +66 +67 +68 +69 +70 +71 +72 +73 +74 +75 +76 +77 +78 +79 +80 +81 +82 +83 +84 +85 +86 +87 +88 +89 +90 +91 +92 +93 +99 -119 -97 +117 +113 -114 -94 -95 -123 -106 -118 +108 +96 -126 -103 -112 +101 -104 -124 +105 -120 +109 +102 +116 -110 +100 -111 -107 -115 -121 +98 -125 +122
+1 +2 +3 +4 +5 +6 +7 +8 +9 +10 +11 +12 +13 +14 +15 +16 +17 +18 +19 +20 +21 +22 +23 +24 +25 +26 +27 +28 +29 +30 +31 +32 +33 +34 +35 +36 +37 +38 +39 +40 +41 +42 +43 +44 +45 +46 +47 +48 +49 +50 +51 +52 +53 +54 +55 +56 +57 +58 +59 +60 +61 +62 +63 +64 +65 +66 +67 +68 +69 +70 +71 +72 +73 +74 +75 +76 +77 +78 +79 +80 +81 +82 +83 +84 +85 +86 +87 +88 +89 +90 +91 +92 +93 +94 +114 -113 -117 +97 +119 -99 -95 -123 -106 -118 +108 +96 -126 -103 -112 +101 -104 -124 +105 -120 +109 +102 +116 -110 +100 -111 -107 -115 -121 +98 -125 +122
+1 +2 +3 +4 +5 +6 +7 +8 +9 +10 +11 +12 +13 +14 +15 +16 +17 +18 +19 +20 +21 +22 +23 +24 +25 +26 +27 +28 +29 +30 +31 +32 +33 +34 +35 +36 +37 +38 +39 +40 +41 +42 +43 +44 +45 +46 +47 +48 +49 +50 +51 +52 +53 +54 +55 +56 +57 +58 +59 +60 +61 +62 +63 +64 +65 +66 +67 +68 +69 +70 +71 +72 +73 +74 +75 +76 +77 +78 +79 +80 +81 +82 +83 +84 +85 +86 +87 +88 +89 +90 +91 +92 +93 +94 +95 +99 -119 -97 +117 +113 -114 -123 -106 -118 +108 +96 -126 -103 -112 +101 -104 -124 +105 -120 +109 +102 +116 -110 +100 -111 -107 -115 -121 +98 -125 +122
+1 +2 +3 +4 +5 +6 +7 +8 +9 +10 +11 +12 +13 +14 +15 +16 +17 +18 +19 +20 +21 +22 +23 +24 +25 +26 +27 +28 +29 +30 +31 +32 +33 +34 +35 +36 +37 +38 +39 +40 +41 +42 +43 +44 +45 +46 +47 +48 +49 +50 +51 +52 +53 +54 +55 +56 +57 +58 +59 +60 +61 +62 +63 +64 +65 +66 +67 +68 +69 +70 +71 +72 +73 +74 +75 +76 +77 +78 +79 +80 +81 +82 +83 +84 +85 +86 +87 +88 +89 +90 +91 +92 +93 +94 +95 -96 -108 +118 +106 +123 +114 -113 -117 +97 +119 -99 -126 -103 -112 +101 -104 -124 +105 -120 +109 +102 +116 -110 +100 -111 -107 -115 -121 +98 -125 +122
+1 +2 +3 +4 +5 +6 +7 +8 +9 +10 +11 +12 +13 +14 +15 +16 +17 +18 +19 +20 +21 +22 +23 +24 +25 +26 +27 +28 +29 +30 +31 +32 +33 +34 +35 +36 +37 +38 +39 +40 +41 +42 +43 +44 +45 +46 +47 +48 +49 +50 +51 +52 +53 +54 +55 +56 +57 +58 +59 +60 +61 +62 +63 +64 +65 +66 +67 +68 +69 +70 +71 +72 +73 +74 +75 +76 +77 +78 +79 +80 +81 +82 +83 +84 +85 +86 +87 +88 +89 +90 +91 +92 +93 +94 +95 +96 -108 +118 +106 +123 +114 -113 -117 +97 +119 -99 -126 -103 -112 +101 -104 -124 +105 -120 +109 +102 +116 -110 +100 -111 -107 -115 -121 +98 -125 +122
+1 +2 +3 +4 +5 +6 +7 +8 +9 +10 +11 +12 +13 +14 +15 +16 +17 +18 +19 +20 +21 +22 +23 +24 +25 +26 +27 +28 +29 +30 +31 +32 +33 +34 +35 +36 +37 +38 +39 +40 +41 +42 +43 +44 +45 +46 +47 +48 +49 +50 +51 +52 +53 +54 +55 +56 +57 +58 +59 +60 +61 +62 +63 +64 +65 +66 +67 +68 +69 +70 +71 +72 +73 +74 +75 +76 +77 +78 +79 +80 +81 +82 +83 +84 +85 +86 +87 +88 +89 +90 +91 +92 +93 +94 +95 +96 -97 +117 +113 -114 -123 -106 -118 +108 +119 -99 -126 -103 -112 +101 -104 -124 +105 -120 +109 +102 +116 -110 +100 -111 -107 -115 -121 +98 -125 +122
+1 +2 +3 +4 +5 +6 +7 +8 +9 +10 +11 +12 +13 +14 +15 +16 +17 +18 +19 +20 +21 +22 +23 +24 +25 +26 +27 +28 +29 +30 +31 +32 +33 +34 +35 +36 +37 +38 +39 +40 +41 +42 +43 +44 +45 +46 +47 +48 +49 +50 +51 +52 +53 +54 +55 +56 +57 +58 +59 +60 +61 +62 +63 +64 +65 +66 +67 +68 +69 +70 +71 +72 +73 +74 +75 +76 +77 +78 +79 +80 +81 +82 +83 +84 +85 +86 +87 +88 +89 +90 +91 +92 +93 +94 +95 +96 +97 +117 +113 -114 -123 -106 -118 +108 +119 -99 -126 -103 -112 +101 -104 -124 +105 -120 +109 +102 +116 -110 +100 -111 -107 -115 -121 +98 -125 +122
+1 +2 +3 +4 +5 +6 +7 +8 +9 +10 +11 +12 +13 +14 +15 +16 +17 +18 +19 +20 +21 +22 +23 +24 +25 +26 +27 +28 +29 +30 +31 +32 +33 +34 +35 +36 +37 +38 +39 +40 +41 +42 +43 +44 +45 +46 +47 +48 +49 +50 +51 +52 +53 +54 +55 +56 +57 +58 +59 +60 +61 +62 +63 +64 +65 +66 +67 +68 +69 +70 +71 +72 +73 +74 +75 +76 +77 +78 +79 +80 +81 +82 +83 +84 +85 +86 +87 +88 +89 +90 +91 +92 +93 +94 +95 +96 +97 -98 +121 +115 +107 +111 -100 +110 -116 -102 -109 +120 -105 +124 +104 -101 +112 +103 +126 +99 -119 -108 +118 +106 +123 +114 -113 -117 -125 +122
+1 +2 +3 +4 +5 +6 +7 +8 +9 +10 +11 +12 +13 +14 +15 +16 +17 +18 +19 +20 +21 +22 +23 +24 +25 +26 +27 +28 +29 +30 +31 +32 +33 +34 +35 +36 +37 +38 +39 +40 +41 +42 +43 +44 +45 +46 +47 +48 +49 +50 +51 +52 +53 +54 +55 +56 +57 +58 +59 +60 +61 +62 +63 +64 +65 +66 +67 +68 +69 +70 +71 +72 +73 +74 +75 +76 +77 +78 +79 +80 +81 +82 +83 +84 +85 +86 +87 +88 +89 +90 +91 +92 +93 +94 +95 +96 +97 +98 +121 +115 +107 +111 -100 +110 -116 -102 -109 +120 -105 +124 +104 -101 +112 +103 +126 +99 -119 -108 +118 +106 +123 +114 -113 -117 -125 +122
+1 +2 +3 +4 +5 +6 +7 +8 +9 +10 +11 +12 +13 +14 +15 +16 +17 +18 +19 +20 +21 +22 +23 +24 +25 +26 +27 +28 +29 +30 +31 +32 +33 +34 +35 +36 +37 +38 +39 +40 +41 +42 +43 +44 +45 +46 +47 +48 +49 +50 +51 +52 +53 +54 +55 +56 +57 +58 +59 +60 +61 +62 +63 +64 +65 +66 +67 +68 +69 +70 +71 +72 +73 +74 +75 +76 +77 +78 +79 +80 +81 +82 +83 +84 +85 +86 +87 +88 +89 +90 +91 +92 +93 +94 +95 +96 +97 +98 -99 -126 -103 -112 +101 -104 -124 +105 -120 +109 +102 +116 -110 +100 -111 -107 -115 -121 -119 -108 +118 +106 +123 +114 -113 -117 -125 +122
+1 +2 +3 +4 +5 +6 +7 +8 +9 +10 +11 +12 +13 +14 +15 +16 +17 +18 +19 +20 +21 +22 +23 +24 +25 +26 +27 +28 +29 +30 +31 +32 +33 +34 +35 +36 +37 +38 +39 +40 +41 +42 +43 +44 +45 +46 +47 +48 +49 +50 +51 +52 +53 +54 +55 +56 +57 +58 +59 +60 +61 +62 +63 +64 +65 +66 +67 +68 +69 +70 +71 +72 +73 +74 +75 +76 +77 +78 +79 +80 +81 +82 +83 +84 +85 +86 +87 +88 +89 +90 +91 +92 +93 +94 +95 +96 +97 +98 +99 -126 -103 -112 +101 -104 -124 +105 -120 +109 +102 +116 -110 +100 -111 -107 -115 -121 -119 -108 +118 +106 +123 +114 -113 -117 -125 +122
+1 +2 +3 +4 +5 +6 +7 +8 +9 +10 +11 +12 +13 +14 +15 +16 +17 +18 +19 +20 +21 +22 +23 +24 +25 +26 +27 +28 +29 +30 +31 +32 +33 +34 +35 +36 +37 +38 +39 +40 +41 +42 +43 +44 +45 +46 +47 +48 +49 +50 +51 +52 +53 +54 +55 +56 +57 +58 +59 +60 +61 +62 +63 +64 +65 +66 +67 +68 +69 +70 +71 +72 +73 +74 +75 +76 +77 +78 +79 +80 +81 +82 +83 +84 +85 +86 +87 +88 +89 +90 +91 +92 +93 +94 +95 +96 +97 +98 +99 -100 +110 -116 -102 -109 +120 -105 +124 +104 -101 +112 +103 +126 -111 -107 -115 -121 -119 -108 +118 +106 +123 +114 -113 -117 -125 +122
+1 +2 +3 +4 +5 +6 +7 +8 +9 +10 +11 +12 +13 +14 +15 +16 +17 +18 +19 +20 +21 +22 +23 +24 +25 +26 +27 +28 +29 +30 +31 +32 +33 +34 +35 +36 +37 +38 +39 +40 +41 +42 +43 +44 +45 +46 +47 +48 +49 +50 +51 +52 +53 +54 +55 +56 +57 +58 +59 +60 +61 +62 +63 +64 +65 +66 +67 +68 +69 +70 +71 +72 +73 +74 +75 +76 +77 +78 +79 +80 +81 +82 +83 +84 +85 +86 +87 +88 +89 +90 +91 +92 +93 +94 +95 +96 +97 +98 +99 +100 +110 -116 -102 -109 +120 -105 +124 +104 -101 +112 +103 +126 -111 -107 -115 -121 -119 -108 +118 +106 +123 +114 -113 -117 -125 +122
+1 +2 +3 +4 +5 +6 +7 +8 +9 +10 +11 +12 +13 +14 +15 +16 +17 +18 +19 +20 +21 +22 +23 +24 +25 +26 +27 +28 +29 +30 +31 +32 +33 +34 +35 +36 +37 +38 +39 +40 +41 +42 +43 +44 +45 +46 +47 +48 +49 +50 +51 +52 +53 +54 +55 +56 +57 +58 +59 +60 +61 +62 +63 +64 +65 +66 +67 +68 +69 +70 +71 +72 +73 +74 +75 +76 +77 +78 +79 +80 +81 +82 +83 +84 +85 +86 +87 +88 +89 +90 +91 +92 +93 +94 +95 +96 +97 +98 +99 +100 +101 -104 -124 +105 -120 +109 +102 +116 -110 +112 +103 +126 -111 -107 -115 -121 -119 -108 +118 +106 +123 +114 -113 -117 -125 +122
+1 +2 +3 +4 +5 +6 +7 +8 +9 +10 +11 +12 +13 +14 +15 +16 +17 +18 +19 +20 +21 +22 +23 +24 +25 +26 +27 +28 +29 +30 +31 +32 +33 +34 +35 +36 +37 +38 +39 +40 +41 +42 +43 +44 +45 +46 +47 +48 +49 +50 +51 +52 +53 +54 +55 +56 +57 +58 +59 +60 +61 +62 +63 +64 +65 +66 +67 +68 +69 +70 +71 +72 +73 +74 +75 +76 +77 +78 +79 +80 +81 +82 +83 +84 +85 +86 +87 +88 +89 +90 +91 +92 +93 +94 +95 +96 +97 +98 +99 +100 +101 -102 -109 +120 -105 +124 +104 +116 -110 +112 +103 +126 -111 -107 -115 -121 -119 -108 +118 +106 +123 +114 -113 -117 -125 +122
+1 +2 +3 +4 +5 +6 +7 +8 +9 +10 +11 +12 +13 +14 +15 +16 +17 +18 +19 +20 +21 +22 +23 +24 +25 +26 +27 +28 +29 +30 +31 +32 +33 +34 +35 +36 +37 +38 +39 +40 +41 +42 +43 +44 +45 +46 +47 +48 +49 +50 +51 +52 +53 +54 +55 +56 +57 +58 +59 +60 +61 +62 +63 +64 +65 +66 +67 +68 +69 +70 +71 +72 +73 +74 +75 +76 +77 +78 +79 +80 +81 +82 +83 +84 +85 +86 +87 +88 +89 +90 +91 +92 +93 +94 +95 +96 +97 +98 +99 +100 +101 +102 -109 +120 -105 +124 +104 +116 -110 +112 +103 +126 -111 -107 -115 -121 -119 -108 +118 +106 +123 +114 -113 -117 -125 +122
+1 +2 +3 +4 +5 +6 +7 +8 +9 +10 +11 +12 +13 +14 +15 +16 +17 +18 +19 +20 +21 +22 +23 +24 +25 +26 +27 +28 +29 +30 +31 +32 +33 +34 +35 +36 +37 +38 +39 +40 +41 +42 +43 +44 +45 +46 +47 +48 +49 +50 +51 +52 +53 +54 +55 +56 +57 +58 +59 +60 +61 +62 +63 +64 +65 +66 +67 +68 +69 +70 +71 +72 +73 +74 +75 +76 +77 +78 +79 +80 +81 +82 +83 +84 +85 +86 +87 +88 +89 +90 +91 +92 +93 +94 +95 +96 +97 +98 +99 +100 +101 +102 -103 -112 +110 -116 -104 -124 +105 -120 +109 +126 -111 -107 -115 -121 -119 -108 +118 +106 +123 +114 -113 -117 -125 +122
+1 +2 +3 +4 +5 +6 +7 +8 +9 +10 +11 +12 +13 +14 +15 +16 +17 +18 +19 +20 +21 +22 +23 +24 +25 +26 +27 +28 +29 +30 +31 +32 +33 +34 +35 +36 +37 +38 +39 +40 +41 +42 +43 +44 +45 +46 +47 +48 +49 +50 +51 +52 +53 +54 +55 +56 +57 +58 +59 +60 +61 +62 +63 +64 +65 +66 +67 +68 +69 +70 +71 +72 +73 +74 +75 +76 +77 +78 +79 +80 +81 +82 +83 +84 +85 +86 +87 +88 +89 +90 +91 +92 +93 +94 +95 +96 +97 +98 +99 +100 +101 +102 +103 -112 +110 -116 -104 -124 +105 -120 +109 +126 -111 -107 -115 -121 -119 -108 +118 +106 +123 +114 -113 -117 -125 +122
+1 +2 +3 +4 +5 +6 +7 +8 +9 +10 +11 +12 +13 +14 +15 +16 +17 +18 +19 +20 +21 +22 +23 +24 +25 +26 +27 +28 +29 +30 +31 +32 +33 +34 +35 +36 +37 +38 +39 +40 +41 +42 +43 +44 +45 +46 +47 +48 +49 +50 +51 +52 +53 +54 +55 +56 +57 +58 +59 +60 +61 +62 +63 +64 +65 +66 +67 +68 +69 +70 +71 +72 +73 +74 +75 +76 +77 +78 +79 +80 +81 +82 +83 +84 +85 +86 +87 +88 +89 +90 +91 +92 +93 +94 +95 +96 +97 +98 +99 +100 +101 +102 +103 +104 +116 -110 +112 -124 +105 -120 +109 +126 -111 -107 -115 -121 -119 -108 +118 +106 +123 +114 -113 -117 -125 +122
+1 +2 +3 +4 +5 +6 +7 +8 +9 +10 +11 +12 +13 +14 +15 +16 +17 +18 +19 +20 +21 +22 +23 +24 +25 +26 +27 +28 +29 +30 +31 +32 +33 +34 +35 +36 +37 +38 +39 +40 +41 +42 +43 +44 +45 +46 +47 +48 +49 +50 +51 +52 +53 +54 +55 +56 +57 +58 +59 +60 +61 +62 +63 +64 +65 +66 +67 +68 +69 +70 +71 +72 +73 +74 +75 +76 +77 +78 +79 +80 +81 +82 +83 +84 +85 +86 +87 +88 +89 +90 +91 +92 +93 +94 +95 +96 +97 +98 +99 +100 +101 +102 +103 +104 -105 +124 -112 +110 -116 -120 +109 +126 -111 -107 -115 -121 -119 -108 +118 +106 +123 +114 -113 -117 -125 +122
+1 +2 +3 +4 +5 +6 +7 +8 +9 +10 +11 +12 +13 +14 +15 +16 +17 +18 +19 +20 +21 +22 +23 +24 +25 +26 +27 +28 +29 +30 +31 +32 +33 +34 +35 +36 +37 +38 +39 +40 +41 +42 +43 +44 +45 +46 +47 +48 +49 +50 +51 +52 +53 +54 +55 +56 +57 +58 +59 +60 +61 +62 +63 +64 +65 +66 +67 +68 +69 +70 +71 +72 +73 +74 +75 +76 +77 +78 +79 +80 +81 +82 +83 +84 +85 +86 +87 +88 +89 +90 +91 +92 +93 +94 +95 +96 +97 +98 +99 +100 +101 +102 +103 +104 +105 +124 -112 +110 -116 -120 +109 +126 -111 -107 -115 -121 -119 -108 +118 +106 +123 +114 -113 -117 -125 +122
+1 +2 +3 +4 +5 +6 +7 +8 +9 +10 +11 +12 +13 +14 +15 +16 +17 +18 +19 +20 +21 +22 +23 +24 +25 +26 +27 +28 +29 +30 +31 +32 +33 +34 +35 +36 +37 +38 +39 +40 +41 +42 +43 +44 +45 +46 +47 +48 +49 +50 +51 +52 +53 +54 +55 +56 +57 +58 +59 +60 +61 +62 +63 +64 +65 +66 +67 +68 +69 +70 +71 +72 +73 +74 +75 +76 +77 +78 +79 +80 +81 +82 +83 +84 +85 +86 +87 +88 +89 +90 +91 +92 +93 +94 +95 +96 +97 +98 +99 +100 +101 +102 +103 +104 +105 -106 -118 +108 +119 +121 +115 +107 +111 -126 -109 +120 +116 -110 +112 -124 +123 +114 -113 -117 -125 +122
+1 +2 +3 +4 +5 +6 +7 +8 +9 +10 +11 +12 +13 +14 +15 +16 +17 +18 +19 +20 +21 +22 +23 +24 +25 +26 +27 +28 +29 +30 +31 +32 +33 +34 +35 +36 +37 +38 +39 +40 +41 +42 +43 +44 +45 +46 +47 +48 +49 +50 +51 +52 +53 +54 +55 +56 +57 +58 +59 +60 +61 +62 +63 +64 +65 +66 +67 +68 +69 +70 +71 +72 +73 +74 +75 +76 +77 +78 +79 +80 +81 +82 +83 +84 +85 +86 +87 +88 +89 +90 +91 +92 +93 +94 +95 +96 +97 +98 +99 +100 +101 +102 +103 +104 +105 +106 -118 +108 +119 +121 +115 +107 +111 -126 -109 +120 +116 -110 +112 -124 +123 +114 -113 -117 -125 +122
+1 +2 +3 +4 +5 +6 +7 +8 +9 +10 +11 +12 +13 +14 +15 +16 +17 +18 +19 +20 +21 +22 +23 +24 +25 +26 +27 +28 +29 +30 +31 +32 +33 +34 +35 +36 +37 +38 +39 +40 +41 +42 +43 +44 +45 +46 +47 +48 +49 +50 +51 +52 +53 +54 +55 +56 +57 +58 +59 +60 +61 +62 +63 +64 +65 +66 +67 +68 +69 +70 +71 +72 +73 +74 +75 +76 +77 +78 +79 +80 +81 +82 +83 +84 +85 +86 +87 +88 +89 +90 +91 +92 +93 +94 +95 +96 +97 +98 +99 +100 +101 +102 +103 +104 +105 +106 -107 -115 -121 -119 -108 +118 +111 -126 -109 +120 +116 -110 +112 -124 +123 +114 -113 -117 -125 +122
+1 +2 +3 +4 +5 +6 +7 +8 +9 +10 +11 +12 +13 +14 +15 +16 +17 +18 +19 +20 +21 +22 +23 +24 +25 +26 +27 +28 +29 +30 +31 +32 +33 +34 +35 +36 +37 +38 +39 +40 +41 +42 +43 +44 +45 +46 +47 +48 +49 +50 +51 +52 +53 +54 +55 +56 +57 +58 +59 +60 +61 +62 +63 +64 +65 +66 +67 +68 +69 +70 +71 +72 +73 +74 +75 +76 +77 +78 +79 +80 +81 +82 +83 +84 +85 +86 +87 +88 +89 +90 +91 +92 +93 +94 +95 +96 +97 +98 +99 +100 +101 +102 +103 +104 +105 +106 +107 -115 -121 -119 -108 +118 +111 -126 -109 +120 +116 -110 +112 -124 +123 +114 -113 -117 -125 +122
+1 +2 +3 +4 +5 +6 +7 +8 +9 +10 +11 +12 +13 +14 +15 +16 +17 +18 +19 +20 +21 +22 +23 +24 +25 +26 +27 +28 +29 +30 +31 +32 +33 +34 +35 +36 +37 +38 +39 +40 +41 +42 +43 +44 +45 +46 +47 +48 +49 +50 +51 +52 +53 +54 +55 +56 +57 +58 +59 +60 +61 +62 +63 +64 +65 +66 +67 +68 +69 +70 +71 +72 +73 +74 +75 +76 +77 +78 +79 +80 +81 +82 +83 +84 +85 +86 +87 +88 +89 +90 +91 +92 +93 +94 +95 +96 +97 +98 +99 +100 +101 +102 +103 +104 +105 +106 +107 +108 +119 +121 +115 +118 +111 -126 -109 +120 +116 -110 +112 -124 +123 +114 -113 -117 -125 +122
+1 +2 +3 +4 +5 +6 +7 +8 +9 +10 +11 +12 +13 +14 +15 +16 +17 +18 +19 +20 +21 +22 +23 +24 +25 +26 +27 +28 +29 +30 +31 +32 +33 +34 +35 +36 +37 +38 +39 +40 +41 +42 +43 +44 +45 +46 +47 +48 +49 +50 +51 +52 +53 +54 +55 +56 +57 +58 +59 +60 +61 +62 +63 +64 +65 +66 +67 +68 +69 +70 +71 +72 +73 +74 +75 +76 +77 +78 +79 +80 +81 +82 +83 +84 +85 +86 +87 +88 +89 +90 +91 +92 +93 +94 +95 +96 +97 +98 +99 +100 +101 +102 +103 +104 +105 +106 +107 +108 +109 +126 -111 -118 -115 -121 -119 +120 +116 -110 +112 -124 +123 +114 -113 -117 -125 +122
+1 +2 +3 +4 +5 +6 +7 +8 +9 +10 +11 +12 +13 +14 +15 +16 +17 +18 +19 +20 +21 +22 +23 +24 +25 +26 +27 +28 +29 +30 +31 +32 +33 +34 +35 +36 +37 +38 +39 +40 +41 +42 +43 +44 +45 +46 +47 +48 +49 +50 +51 +52 +53 +54 +55 +56 +57 +58 +59 +60 +61 +62 +63 +64 +65 +66 +67 +68 +69 +70 +71 +72 +73 +74 +75 +76 +77 +78 +79 +80 +81 +82 +83 +84 +85 +86 +87 +88 +89 +90 +91 +92 +93 +94 +95 +96 +97 +98 +99 +100 +101 +102 +103 +104 +105 +106 +107 +108 +109 +110 -116 -120 +119 +121 +115 +118 +111 -126 +112 -124 +123 +114 -113 -117 -125 +122
+1 +2 +3 +4 +5 +6 +7 +8 +9 +10 +11 +12 +13 +14 +15 +16 +17 +18 +19 +20 +21 +22 +23 +24 +25 +26 +27 +28 +29 +30 +31 +32 +33 +34 +35 +36 +37 +38 +39 +40 +41 +42 +43 +44 +45 +46 +47 +48 +49 +50 +51 +52 +53 +54 +55 +56 +57 +58 +59 +60 +61 +62 +63 +64 +65 +66 +67 +68 +69 +70 +71 +72 +73 +74 +75 +76 +77 +78 +79 +80 +81 +82 +83 +84 +85 +86 +87 +88 +89 +90 +91 +92 +93 +94 +95 +96 +97 +98 +99 +100 +101 +102 +103 +104 +105 +106 +107 +108 +109 +110 -111 -118 -115 -121 -119 +120 +116 -126 +112 -124 +123 +114 -113 -117 -125 +122
+1 +2 +3 +4 +5 +6 +7 +8 +9 +10 +11 +12 +13 +14 +15 +16 +17 +18 +19 +20 +21 +22 +23 +24 +25 +26 +27 +28 +29 +30 +31 +32 +33 +34 +35 +36 +37 +38 +39 +40 +41 +42 +43 +44 +45 +46 +47 +48 +49 +50 +51 +52 +53 +54 +55 +56 +57 +58 +59 +60 +61 +62 +63 +64 +65 +66 +67 +68 +69 +70 +71 +72 +73 +74 +75 +76 +77 +78 +79 +80 +81 +82 +83 +84 +85 +86 +87 +88 +89 +90 +91 +92 +93 +94 +95 +96 +97 +98 +99 +100 +101 +102 +103 +104 +105 +106 +107 +108 +109 +110 +111 -118 -115 -121 -119 +120 +116 -126 +112 -124 +123 +114 -113 -117 -125 +122
+1 +2 +3 +4 +5 +6 +7 +8 +9 +10 +11 +12 +13 +14 +15 +16 +17 +18 +19 +20 +21 +22 +23 +24 +25 +26 +27 +28 +29 +30 +31 +32 +33 +34 +35 +36 +37 +38 +39 +40 +41 +42 +43 +44 +45 +46 +47 +48 +49 +50 +51 +52 +53 +54 +55 +56 +57 +58 +59 +60 +61 +62 +63 +64 +65 +66 +67 +68 +69 +70 +71 +72 +73 +74 +75 +76 +77 +78 +79 +80 +81 +82 +83 +84 +85 +86 +87 +88 +89 +90 +91 +92 +93 +94 +95 +96 +97 +98 +99 +100 +101 +102 +103 +104 +105 +106 +107 +108 +109 +110 +111 -112 +126 -116 -120 +119 +121 +115 +118 -124 +123 +114 -113 -117 -125 +122
+1 +2 +3 +4 +5 +6 +7 +8 +9 +10 +11 +12 +13 +14 +15 +16 +17 +18 +19 +20 +21 +22 +23 +24 +25 +26 +27 +28 +29 +30 +31 +32 +33 +34 +35 +36 +37 +38 +39 +40 +41 +42 +43 +44 +45 +46 +47 +48 +49 +50 +51 +52 +53 +54 +55 +56 +57 +58 +59 +60 +61 +62 +63 +64 +65 +66 +67 +68 +69 +70 +71 +72 +73 +74 +75 +76 +77 +78 +79 +80 +81 +82 +83 +84 +85 +86 +87 +88 +89 +90 +91 +92 +93 +94 +95 +96 +97 +98 +99 +100 +101 +102 +103 +104 +105 +106 +107 +108 +109 +110 +111 +112 +126 -116 -120 +119 +121 +115 +118 -124 +123 +114 -113 -117 -125 +122
+1 +2 +3 +4 +5 +6 +7 +8 +9 +10 +11 +12 +13 +14 +15 +16 +17 +18 +19 +20 +21 +22 +23 +24 +25 +26 +27 +28 +29 +30 +31 +32 +33 +34 +35 +36 +37 +38 +39 +40 +41 +42 +43 +44 +45 +46 +47 +48 +49 +50 +51 +52 +53 +54 +55 +56 +57 +58 +59 +60 +61 +62 +63 +64 +65 +66 +67 +68 +69 +70 +71 +72 +73 +74 +75 +76 +77 +78 +79 +80 +81 +82 +83 +84 +85 +86 +87 +88 +89 +90 +91 +92 +93 +94 +95 +96 +97 +98 +99 +100 +101 +102 +103 +104 +105 +106 +107 +108 +109 +110 +111 +112 +113 -114 -123 +124 -118 -115 -121 -119 +120 +116 -126 -117 -125 +122
+1 +2 +3 +4 +5 +6 +7 +8 +9 +10 +11 +12 +13 +14 +15 +16 +17 +18 +19 +20 +21 +22 +23 +24 +25 +26 +27 +28 +29 +30 +31 +32 +33 +34 +35 +36 +37 +38 +39 +40 +41 +42 +43 +44 +45 +46 +47 +48 +49 +50 +51 +52 +53 +54 +55 +56 +57 +58 +59 +60 +61 +62 +63 +64 +65 +66 +67 +68 +69 +70 +71 +72 +73 +74 +75 +76 +77 +78 +79 +80 +81 +82 +83 +84 +85 +86 +87 +88 +89 +90 +91 +92 +93 +94 +95 +96 +97 +98 +99 +100 +101 +102 +103 +104 +105 +106 +107 +108 +109 +110 +111 +112 +113 +114 -123 +124 -118 -115 -121 -119 +120 +116 -126 -117 -125 +122
+1 +2 +3 +4 +5 +6 +7 +8 +9 +10 +11 +12 +13 +14 +15 +16 +17 +18 +19 +20 +21 +22 +23 +24 +25 +26 +27 +28 +29 +30 +31 +32 +33 +34 +35 +36 +37 +38 +39 +40 +41 +42 +43 +44 +45 +46 +47 +48 +49 +50 +51 +52 +53 +54 +55 +56 +57 +58 +59 +60 +61 +62 +63 +64 +65 +66 +67 +68 +69 +70 +71 +72 +73 +74 +75 +76 +77 +78 +79 +80 +81 +82 +83 +84 +85 +86 +87 +88 +89 +90 +91 +92 +93 +94 +95 +96 +97 +98 +99 +100 +101 +102 +103 +104 +105 +106 +107 +108 +109 +110 +111 +112 +113 +114 +115 +118 -124 +123 -121 -119 +120 +116 -126 -117 -125 +122
+1 +2 +3 +4 +5 +6 +7 +8 +9 +10 +11 +12 +13 +14 +15 +16 +17 +18 +19 +20 +21 +22 +23 +24 +25 +26 +27 +28 +29 +30 +31 +32 +33 +34 +35 +36 +37 +38 +39 +40 +41 +42 +43 +44 +45 +46 +47 +48 +49 +50 +51 +52 +53 +54 +55 +56 +57 +58 +59 +60 +61 +62 +63 +64 +65 +66 +67 +68 +69 +70 +71 +72 +73 +74 +75 +76 +77 +78 +79 +80 +81 +82 +83 +84 +85 +86 +87 +88 +89 +90 +91 +92 +93 +94 +95 +96 +97 +98 +99 +100 +101 +102 +103 +104 +105 +106 +107 +108 +109 +110 +111 +112 +113 +114 +115 -116 -120 +119 +121 -123 +124 -118 -126 -117 -125 +122
+1 +2 +3 +4 +5 +6 +7 +8 +9 +10 +11 +12 +13 +14 +15 +16 +17 +18 +19 +20 +21 +22 +23 +24 +25 +26 +27 +28 +29 +30 +31 +32 +33 +34 +35 +36 +37 +38 +39 +40 +41 +42 +43 +44 +45 +46 +47 +48 +49 +50 +51 +52 +53 +54 +55 +56 +57 +58 +59 +60 +61 +62 +63 +64 +65 +66 +67 +68 +69 +70 +71 +72 +73 +74 +75 +76 +77 +78 +79 +80 +81 +82 +83 +84 +85 +86 +87 +88 +89 +90 +91 +92 +93 +94 +95 +96 +97 +98 +99 +100 +101 +102 +103 +104 +105 +106 +107 +108 +109 +110 +111 +112 +113 +114 +115 +116 -120 +119 +121 -123 +124 -118 -126 -117 -125 +122
+1 +2 +3 +4 +5 +6 +7 +8 +9 +10 +11 +12 +13 +14 +15 +16 +17 +18 +19 +20 +21 +22 +23 +24 +25 +26 +27 +28 +29 +30 +31 +32 +33 +34 +35 +36 +37 +38 +39 +40 +41 +42 +43 +44 +45 +46 +47 +48 +49 +50 +51 +52 +53 +54 +55 +56 +57 +58 +59 +60 +61 +62 +63 +64 +65 +66 +67 +68 +69 +70 +71 +72 +73 +74 +75 +76 +77 +78 +79 +80 +81 +82 +83 +84 +85 +86 +87 +88 +89 +90 +91 +92 +93 +94 +95 +96 +97 +98 +99 +100 +101 +102 +103 +104 +105 +106 +107 +108 +109 +110 +111 +112 +113 +114 +115 +116 +117 +126 +118 -124 +123 -121 -119 +120 -125 +122
+1 +2 +3 +4 +5 +6 +7 +8 +9 +10 +11 +12 +13 +14 +15 +16 +17 +18 +19 +20 +21 +22 +23 +24 +25 +26 +27 +28 +29 +30 +31 +32 +33 +34 +35 +36 +37 +38 +39 +40 +41 +42 +43 +44 +45 +46 +47 +48 +49 +50 +51 +52 +53 +54 +55 +56 +57 +58 +59 +60 +61 +62 +63 +64 +65 +66 +67 +68 +69 +70 +71 +72 +73 +74 +75 +76 +77 +78 +79 +80 +81 +82 +83 +84 +85 +86 +87 +88 +89 +90 +91 +92 +93 +94 +95 +96 +97 +98 +99 +100 +101 +102 +103 +104 +105 +106 +107 +108 +109 +110 +111 +112 +113 +114 +115 +116 +117 -118 -126 -124 +123 -121 -119 +120 -125 +122
+1 +2 +3 +4 +5 +6 +7 +8 +9 +10 +11 +12 +13 +14 +15 +16 +17 +18 +19 +20 +21 +22 +23 +24 +25 +26 +27 +28 +29 +30 +31 +32 +33 +34 +35 +36 +37 +38 +39 +40 +41 +42 +43 +44 +45 +46 +47 +48 +49 +50 +51 +52 +53 +54 +55 +56 +57 +58 +59 +60 +61 +62 +63 +64 +65 +66 +67 +68 +69 +70 +71 +72 +73 +74 +75 +76 +77 +78 +79 +80 +81 +82 +83 +84 +85 +86 +87 +88 +89 +90 +91 +92 +93 +94 +95 +96 +97 +98 +99 +100 +101 +102 +103 +104 +105 +106 +107 +108 +109 +110 +111 +112 +113 +114 +115 +116 +117 +118 -126 -124 +123 -121 -119 +120 -125 +122
+1 +2 +3 +4 +5 +6 +7 +8 +9 +10 +11 +12 +13 +14 +15 +16 +17 +18 +19 +20 +21 +22 +23 +24 +25 +26 +27 +28 +29 +30 +31 +32 +33 +34 +35 +36 +37 +38 +39 +40 +41 +42 +43 +44 +45 +46 +47 +48 +49 +50 +51 +52 +53 +54 +55 +56 +57 +58 +59 +60 +61 +62 +63 +64 +65 +66 +67 +68 +69 +70 +71 +72 +73 +74 +75 +76 +77 +78 +79 +80 +81 +82 +83 +84 +85 +86 +87 +88 +89 +90 +91 +92 +93 +94 +95 +96 +97 +98 +99 +100 +101 +102 +103 +104 +105 +106 +107 +108 +109 +110 +111 +112 +113 +114 +115 +116 +117 +118 +119 +121 -123 +124 +126 +120 -125 +122
+1 +2 +3 +4 +5 +6 +7 +8 +9 +10 +11 +12 +13 +14 +15 +16 +17 +18 +19 +20 +21 +22 +23 +24 +25 +26 +27 +28 +29 +30 +31 +32 +33 +34 +35 +36 +37 +38 +39 +40 +41 +42 +43 +44 +45 +46 +47 +48 +49 +50 +51 +52 +53 +54 +55 +56 +57 +58 +59 +60 +61 +62 +63 +64 +65 +66 +67 +68 +69 +70 +71 +72 +73 +74 +75 +76 +77 +78 +79 +80 +81 +82 +83 +84 +85 +86 +87 +88 +89 +90 +91 +92 +93 +94 +95 +96 +97 +98 +99 +100 +101 +102 +103 +104 +105 +106 +107 +108 +109 +110 +111 +112 +113 +114 +115 +116 +117 +118 +119 -120 -126 -124 +123 -121 -125 +122
+1 +2 +3 +4 +5 +6 +7 +8 +9 +10 +11 +12 +13 +14 +15 +16 +17 +18 +19 +20 +21 +22 +23 +24 +25 +26 +27 +28 +29 +30 +31 +32 +33 +34 +35 +36 +37 +38 +39 +40 +41 +42 +43 +44 +45 +46 +47 +48 +49 +50 +51 +52 +53 +54 +55 +56 +57 +58 +59 +60 +61 +62 +63 +64 +65 +66 +67 +68 +69 +70 +71 +72 +73 +74 +75 +76 +77 +78 +79 +80 +81 +82 +83 +84 +85 +86 +87 +88 +89 +90 +91 +92 +93 +94 +95 +96 +97 +98 +99 +100 +101 +102 +103 +104 +105 +106 +107 +108 +109 +110 +111 +112 +113 +114 +115 +116 +117 +118 +119 +120 -126 -124 +123 -121 -125 +122
+1 +2 +3 +4 +5 +6 +7 +8 +9 +10 +11 +12 +13 +14 +15 +16 +17 +18 +19 +20 +21 +22 +23 +24 +25 +26 +27 +28 +29 +30 +31 +32 +33 +34 +35 +36 +37 +38 +39 +40 +41 +42 +43 +44 +45 +46 +47 +48 +49 +50 +51 +52 +53 +54 +55 +56 +57 +58 +59 +60 +61 +62 +63 +64 +65 +66 +67 +68 +69 +70 +71 +72 +73 +74 +75 +76 +77 +78 +79 +80 +81 +82 +83 +84 +85 +86 +87 +88 +89 +90 +91 +92 +93 +94 +95 +96 +97 +98 +99 +100 +101 +102 +103 +104 +105 +106 +107 +108 +109 +110 +111 +112 +113 +114 +115 +116 +117 +118 +119 +120 +121 -123 +124 +126 -125 +122
+1 +2 +3 +4 +5 +6 +7 +8 +9 +10 +11 +12 +13 +14 +15 +16 +17 +18 +19 +20 +21 +22 +23 +24 +25 +26 +27 +28 +29 +30 +31 +32 +33 +34 +35 +36 +37 +38 +39 +40 +41 +42 +43 +44 +45 +46 +47 +48 +49 +50 +51 +52 +53 +54 +55 +56 +57 +58 +59 +60 +61 +62 +63 +64 +65 +66 +67 +68 +69 +70 +71 +72 +73 +74 +75 +76 +77 +78 +79 +80 +81 +82 +83 +84 +85 +86 +87 +88 +89 +90 +91 +92 +93 +94 +95 +96 +97 +98 +99 +100 +101 +102 +103 +104 +105 +106 +107 +108 +109 +110 +111 +112 +113 +114 +115 +116 +117 +118 +119 +120 +121 -122 +125 -126 -124 +123
+1 +2 +3 +4 +5 +6 +7 +8 +9 +10 +11 +12 +13 +14 +15 +16 +17 +18 +19 +20 +21 +22 +23 +24 +25 +26 +27 +28 +29 +30 +31 +32 +33 +34 +35 +36 +37 +38 +39 +40 +41 +42 +43 +44 +45 +46 +47 +48 +49 +50 +51 +52 +53 +54 +55 +56 +57 +58 +59 +60 +61 +62 +63 +64 +65 +66 +67 +68 +69 +70 +71 +72 +73 +74 +75 +76 +77 +78 +79 +80 +81 +82 +83 +84 +85 +86 +87 +88 +89 +90 +91 +92 +93 +94 +95 +96 +97 +98 +99 +100 +101 +102 +103 +104 +105 +106 +107 +108 +109 +110 +111 +112 +113 +114 +115 +116 +117 +118 +119 +120 +121 +122 +125 -126 -124 +123
+1 +2 +3 +4 +5 +6 +7 +8 +9 +10 +11 +12 +13 +14 +15 +16 +17 +18 +19 +20 +21 +22 +23 +24 +25 +26 +27 +28 +29 +30 +31 +32 +33 +34 +35 +36 +37 +38 +39 +40 +41 +42 +43 +44 +45 +46 +47 +48 +49 +50 +51 +52 +53 +54 +55 +56 +57 +58 +59 +60 +61 +62 +63 +64 +65 +66 +67 +68 +69 +70 +71 +72 +73 +74 +75 +76 +77 +78 +79 +80 +81 +82 +83 +84 +85 +86 +87 +88 +89 +90 +91 +92 +93 +94 +95 +96 +97 +98 +99 +100 +101 +102 +103 +104 +105 +106 +107 +108 +109 +110 +111 +112 +113 +114 +115 +116 +117 +118 +119 +120 +121 +122 -123 +124 +126 -125
+1 +2 +3 +4 +5 +6 +7 +8 +9 +10 +11 +12 +13 +14 +15 +16 +17 +18 +19 +20 +21 +22 +23 +24 +25 +26 +27 +28 +29 +30 +31 +32 +33 +34 +35 +36 +37 +38 +39 +40 +41 +42 +43 +44 +45 +46 +47 +48 +49 +50 +51 +52 +53 +54 +55 +56 +57 +58 +59 +60 +61 +62 +63 +64 +65 +66 +67 +68 +69 +70 +71 +72 +73 +74 +75 +76 +77 +78 +79 +80 +81 +82 +83 +84 +85 +86 +87 +88 +89 +90 +91 +92 +93 +94 +95 +96 +97 +98 +99 +100 +101 +102 +103 +104 +105 +106 +107 +108 +109 +110 +111 +112 +113 +114 +115 +116 +117 +118 +119 +120 +121 +122 +123 +124 +126 -125
+1 +2 +3 +4 +5 +6 +7 +8 +9 +10 +11 +12 +13 +14 +15 +16 +17 +18 +19 +20 +21 +22 +23 +24 +25 +26 +27 +28 +29 +30 +31 +32 +33 +34 +35 +36 +37 +38 +39 +40 +41 +42 +43 +44 +45 +46 +47 +48 +49 +50 +51 +52 +53 +54 +55 +56 +57 +58 +59 +60 +61 +62 +63 +64 +65 +66 +67 +68 +69 +70 +71 +72 +73 +74 +75 +76 +77 +78 +79 +80 +81 +82 +83 +84 +85 +86 +87 +88 +89 +90 +91 +92 +93 +94 +95 +96 +97 +98 +99 +100 +101 +102 +103 +104 +105 +106 +107 +108 +109 +110 +111 +112 +113 +114 +115 +116 +117 +118 +119 +120 +121 +122 +123 -124 +126 -125
+1 +2 +3 +4 +5 +6 +7 +8 +9 +10 +11 +12 +13 +14 +15 +16 +17 +18 +19 +20 +21 +22 +23 +24 +25 +26 +27 +28 +29 +30 +31 +32 +33 +34 +35 +36 +37 +38 +39 +40 +41 +42 +43 +44 +45 +46 +47 +48 +49 +50 +51 +52 +53 +54 +55 +56 +57 +58 +59 +60 +61 +62 +63 +64 +65 +66 +67 +68 +69 +70 +71 +72 +73 +74 +75 +76 +77 +78 +79 +80 +81 +82 +83 +84 +85 +86 +87 +88 +89 +90 +91 +92 +93 +94 +95 +96 +97 +98 +99 +100 +101 +102 +103 +104 +105 +106 +107 +108 +109 +110 +111 +112 +113 +114 +115 +116 +117 +118 +119 +120 +121 +122 +123 +124 +126 -125
+1 +2 +3 +4 +5 +6 +7 +8 +9 +10 +11 +12 +13 +14 +15 +16 +17 +18 +19 +20 +21 +22 +23 +24 +25 +26 +27 +28 +29 +30 +31 +32 +33 +34 +35 +36 +37 +38 +39 +40 +41 +42 +43 +44 +45 +46 +47 +48 +49 +50 +51 +52 +53 +54 +55 +56 +57 +58 +59 +60 +61 +62 +63 +64 +65 +66 +67 +68 +69 +70 +71 +72 +73 +74 +75 +76 +77 +78 +79 +80 +81 +82 +83 +84 +85 +86 +87 +88 +89 +90 +91 +92 +93 +94 +95 +96 +97 +98 +99 +100 +101 +102 +103 +104 +105 +106 +107 +108 +109 +110 +111 +112 +113 +114 +115 +116 +117 +118 +119 +120 +121 +122 +123 +124 +125 -126
+1 +2 +3 +4 +5 +6 +7 +8 +9 +10 +11 +12 +13 +14 +15 +16 +17 +18 +19 +20 +21 +22 +23 +24 +25 +26 +27 +28 +29 +30 +31 +32 +33 +34 +35 +36 +37 +38 +39 +40 +41 +42 +43 +44 +45 +46 +47 +48 +49 +50 +51 +52 +53 +54 +55 +56 +57 +58 +59 +60 +61 +62 +63 +64 +65 +66 +67 +68 +69 +70 +71 +72 +73 +74 +75 +76 +77 +78 +79 +80 +81 +82 +83 +84 +85 +86 +87 +88 +89 +90 +91 +92 +93 +94 +95 +96 +97 +98 +99 +100 +101 +102 +103 +104 +105 +106 +107 +108 +109 +110 +111 +112 +113 +114 +115 +116 +117 +118 +119 +120 +121 +122 +123 +124 +125 +126
